STATE,STATENAME,ST_CASE,PEDS,PERNOTMVIT,VE_TOTAL,VE_FORMS,PVH_INVL,PERSONS,PERMVIT,COUNTY,COUNTYNAME,CITY,CITYNAME,MONTH,MONTHNAME,DAY,DAYNAME,DAY_WEEK,DAY_WEEKNAME,YEAR,HOUR,HOURNAME,MINUTE,MINUTENAME,TWAY_ID,TWAY_ID2,ROUTE,ROUTENAME,RUR_URB,RUR_URBNAME,FUNC_SYS,FUNC_SYSNAME,RD_OWNER,RD_OWNERNAME,NHS,NHSNAME,SP_JUR,SP_JURNAME,MILEPT,MILEPTNAME,LATITUDE,LATITUDENAME,LONGITUD,LONGITUDNAME,HARM_EV,HARM_EVNAME,MAN_COLL,MAN_COLLNAME,RELJCT1,RELJCT1NAME,RELJCT2,RELJCT2NAME,TYP_INT,TYP_INTNAME,REL_ROAD,REL_ROADNAME,WRK_ZONE,WRK_ZONENAME,LGT_COND,LGT_CONDNAME,WEATHER,WEATHERNAME,SCH_BUS,SCH_BUSNAME,RAIL,RAILNAME,NOT_HOUR,NOT_HOURNAME,NOT_MIN,NOT_MINNAME,ARR_HOUR,ARR_HOURNAME,ARR_MIN,ARR_MINNAME,HOSP_HR,HOSP_HRNAME,HOSP_MN,HOSP_MNNAME,FATALS
26,Michigan,260001,0,0,2,2,0,3,3,77,KALAMAZOO (77),0,NOT APPLICABLE,1,January,1,1,7,Saturday,2022,0,0:00am-0:59am,53,53,CR-SPRINKLE RD,NA,4,County Road,2,Urban,3,Principal Arterial - Other,2,County Highway Agency,1,This section IS ON the NHS,0,No Special Jurisdiction,85,85,42.29400833,42.29400833,-85.52735278,-85.52735278,12,Motor Vehicle In-Transport,2,Front-to-Front,0,No,1,Non-Junction,1,Not an Intersection,1,On Roadway,0,None,3,Dark - Lighted,2,Rain,0,No,0000000,Not Applicable,0,0:00am-0:59am,55,55,1,1:00am-1:59am,5,5,99,Unknown,99,Unknown EMS Hospital Arrival Time,1
26,Michigan,260002,0,0,2,2,0,3,3,147,ST. CLAIR (147),0,NOT APPLICABLE,1,January,3,3,2,Monday,2022,14,2:00pm-2:59pm,28,28,I-94,NA,1,Interstate,1,Rural,1,Interstate,1,State Highway Agency,1,This section IS ON the NHS,0,No Special Jurisdiction,43,43,42.77987778,42.77987778,-82.67336389,-82.67336389,12,Motor Vehicle In-Transport,2,Front-to-Front,0,No,1,Non-Junction,1,Not an Intersection,1,On Roadway,0,None,1,Daylight,1,Clear,0,No,0000000,Not Applicable,14,2:00pm-2:59pm,28,28,14,2:00pm-2:59pm,47,47,99,Unknown,99,Unknown EMS Hospital Arrival Time,2
26,Michigan,260003,0,0,1,1,0,1,1,123,NEWAYGO (123),0,NOT APPLICABLE,1,January,4,4,3,Tuesday,2022,8,8:00am-8:59am,47,47,CR-E 14 MILE RD,NA,4,County Road,1,Rural,4,Minor Arterial,2,County Highway Agency,0,This section IS NOT on the NHS,0,No Special Jurisdiction,58,58,43.7568,43.7568,-85.76360833,-85.76360833,42,Tree (Standing Only),0,The First Harmful Event was Not a Collision with a Motor Vehicle in Transport,0,No,1,Non-Junction,1,Not an Intersection,4,On Roadside,0,None,1,Daylight,1,Clear,0,No,0000000,Not Applicable,8,8:00am-8:59am,47,47,9,9:00am-9:59am,8,8,99,Unknown,99,Unknown EMS Hospital Arrival Time,1
26,Michigan,260004,0,0,2,2,0,2,2,81,KENT (81),5089,WALKER,1,January,5,5,4,Wednesday,2022,13,1:00pm-1:59pm,45,45,SR-11 WILSON AVE SW,NA,3,State Highway,2,Urban,3,Principal Arterial - Other,1,State Highway Agency,1,This section IS ON the NHS,0,No Special Jurisdiction,40,40,42.95100556,42.95100556,-85.77575278,-85.77575278,12,Motor Vehicle In-Transport,2,Front-to-Front,0,No,1,Non-Junction,1,Not an Intersection,1,On Roadway,0,None,1,Daylight,4,Snow,0,No,0000000,Not Applicable,13,1:00pm-1:59pm,48,48,14,2:00pm-2:59pm,0,0,88,Not Applicable (Not Transported),88,Not Applicable (Not Transported),1
26,Michigan,260005,0,0,2,2,0,3,3,41,DELTA (41),3091,MASONVILLE,1,January,7,7,6,Friday,2022,13,1:00pm-1:59pm,30,30,US-2,NA,2,US Highway,1,Rural,3,Principal Arterial - Other,1,State Highway Agency,1,This section IS ON the NHS,0,No Special Jurisdiction,355,355,45.904375,45.904375,-86.92832222,-86.92832222,12,Motor Vehicle In-Transport,6,Angle,0,No,1,Non-Junction,1,Not an Intersection,1,On Roadway,0,None,1,Daylight,1,Clear,0,No,0000000,Not Applicable,13,1:00pm-1:59pm,35,35,13,1:00pm-1:59pm,40,40,99,Unknown,99,Unknown EMS Hospital Arrival Time,1
26,Michigan,260006,0,0,2,2,0,2,2,159,VAN BUREN (159),0,NOT APPLICABLE,1,January,7,7,6,Friday,2022,11,11:00am-11:59am,25,25,CR-RED ARROW HWY,NA,4,County Road,1,Rural,4,Minor Arterial,2,County Highway Agency,0,This section IS NOT on the NHS,0,No Special Jurisdiction,83,83,42.219225,42.219225,-86.06631111,-86.06631111,12,Motor Vehicle In-Transport,6,Angle,0,No,1,Non-Junction,1,Not an Intersection,1,On Roadway,0,None,1,Daylight,4,Snow,0,No,0000000,Not Applicable,11,11:00am-11:59am,28,28,11,11:00am-11:59am,35,35,88,Not Applicable (Not Transported),88,Not Applicable (Not Transported),1
26,Michigan,260007,0,0,1,1,0,3,3,157,TUSCOLA (157),0,NOT APPLICABLE,1,January,9,9,1,Sunday,2022,2,2:00am-2:59am,42,42,SR-15 STATE RD,NA,3,State Highway,1,Rural,4,Minor Arterial,1,State Highway Agency,0,This section IS NOT on the NHS,0,No Special Jurisdiction,65,65,43.31395,43.31395,-83.54736111,-83.54736111,1,Rollover/Overturn,0,The First Harmful Event was Not a Collision with a Motor Vehicle in Transport,0,No,1,Non-Junction,1,Not an Intersection,4,On Roadside,0,None,2,Dark - Not Lighted,3,Sleet or Hail,0,No,0000000,Not Applicable,2,2:00am-2:59am,41,41,2,2:00am-2:59am,51,51,88,Not Applicable (Not Transported),88,Not Applicable (Not Transported),1
26,Michigan,260008,0,0,1,1,0,1,1,75,JACKSON (75),0,NOT APPLICABLE,1,January,8,8,7,Saturday,2022,6,6:00am-6:59am,5,5,CR-CRAWFORD RD,NA,4,County Road,1,Rural,6,Minor Collector,2,County Highway Agency,0,This section IS NOT on the NHS,0,No Special Jurisdiction,1,1,42.33499444,42.33499444,-84.65959722,-84.65959722,42,Tree (Standing Only),0,The First Harmful Event was Not a Collision with a Motor Vehicle in Transport,0,No,1,Non-Junction,1,Not an Intersection,4,On Roadside,0,None,2,Dark - Not Lighted,10,Cloudy,0,No,0000000,Not Applicable,99,Unknown,99,Unknown,99,Unknown EMS Scene Arrival Hour,99,Unknown EMS Scene Arrival Minutes,88,Not Applicable (Not Transported),88,Not Applicable (Not Transported),1
26,Michigan,260009,1,1,2,2,0,3,3,163,WAYNE (163),1260,DETROIT,1,January,8,8,7,Saturday,2022,18,6:00pm-6:59pm,6,6,E 7 MILE RD,KEYSTONE ST,6,Local Street - Municipality,2,Urban,3,Principal Arterial - Other,4,City or Municipal Highway Agency,1,This section IS ON the NHS,0,No Special Jurisdiction,195,195,42.43341389,42.43341389,-83.05120556,-83.05120556,8,Pedestrian,0,The First Harmful Event was Not a Collision with a Motor Vehicle in Transport,0,No,3,Intersection-Related,3,T-Intersection,1,On Roadway,0,None,3,Dark - Lighted,1,Clear,0,No,0000000,Not Applicable,99,Unknown,99,Unknown,99,Unknown EMS Scene Arrival Hour,99,Unknown EMS Scene Arrival Minutes,99,Unknown,99,Unknown EMS Hospital Arrival Time,1
26,Michigan,260010,1,1,1,1,0,1,1,117,MONTCALM (117),0,NOT APPLICABLE,1,January,13,13,5,Thursday,2022,15,3:00pm-3:59pm,10,10,SR-46 E MAIN ST,NA,3,State Highway,1,Rural,3,Principal Arterial - Other,1,State Highway Agency,1,This section IS ON the NHS,0,No Special Jurisdiction,233,233,43.40814444,43.40814444,-85.02578889,-85.02578889,59,Traffic Sign Support,0,The First Harmful Event was Not a Collision with a Motor Vehicle in Transport,0,No,1,Non-Junction,1,Not an Intersection,4,On Roadside,0,None,1,Daylight,10,Cloudy,0,No,0000000,Not Applicable,15,3:00pm-3:59pm,10,10,15,3:00pm-3:59pm,15,15,88,Not Applicable (Not Transported),88,Not Applicable (Not Transported),1
26,Michigan,260011,0,0,1,1,0,1,1,55,GRAND TRAVERSE (55),0,NOT APPLICABLE,1,January,14,14,6,Friday,2022,15,3:00pm-3:59pm,59,59,CR-EAST COUNTY LINE RD,NA,4,County Road,1,Rural,7,Local,2,County Highway Agency,0,This section IS NOT on the NHS,0,No Special Jurisdiction,25,25,44.51296944,44.51296944,-85.40624444,-85.40624444,42,Tree (Standing Only),0,The First Harmful Event was Not a Collision with a Motor Vehicle in Transport,0,No,1,Non-Junction,1,Not an Intersection,4,On Roadside,0,None,1,Daylight,1,Clear,0,No,0000000,Not Applicable,16,4:00pm-4:59pm,2,2,16,4:00pm-4:59pm,14,14,88,Not Applicable (Not Transported),88,Not Applicable (Not Transported),1
26,Michigan,260012,0,0,2,1,1,1,1,81,KENT (81),5319,WYOMING,1,January,15,15,7,Saturday,2022,1,1:00am-1:59am,1,1,US-131,NA,2,US Highway,2,Urban,2,Principal Arterial - Other Freeways and Expressways,1,State Highway Agency,1,This section IS ON the NHS,0,No Special Jurisdiction,96,96,42.90496389,42.90496389,-85.67737222,-85.67737222,14,Parked Motor Vehicle,0,The First Harmful Event was Not a Collision with a Motor Vehicle in Transport,0,No,1,Non-Junction,1,Not an Intersection,4,On Roadside,0,None,3,Dark - Lighted,1,Clear,0,No,0000000,Not Applicable,1,1:00am-1:59am,1,1,1,1:00am-1:59am,4,4,88,Not Applicable (Not Transported),88,Not Applicable (Not Transported),1
26,Michigan,260013,1,1,1,1,0,1,1,49,GENESEE (49),1730,FLINT,1,January,12,12,4,Wednesday,2022,17,5:00pm-5:59pm,17,17,SR-54 N DORT HWY,NA,3,State Highway,2,Urban,3,Principal Arterial - Other,1,State Highway Agency,1,This section IS ON the NHS,0,No Special Jurisdiction,86,86,43.02809167,43.02809167,-83.655275,-83.655275,9,Pedalcyclist,0,The First Harmful Event was Not a Collision with a Motor Vehicle in Transport,0,No,1,Non-Junction,1,Not an Intersection,1,On Roadway,0,None,3,Dark - Lighted,10,Cloudy,0,No,0000000,Not Applicable,19,7:00pm-7:59pm,15,15,19,7:00pm-7:59pm,17,17,88,Not Applicable (Not Transported),88,Not Applicable (Not Transported),1
26,Michigan,260014,0,0,1,1,0,1,1,163,WAYNE (163),5140,WAYNE,1,January,13,13,5,Thursday,2022,3,3:00am-3:59am,17,17,CR-VENOY RD,NA,4,County Road,2,Urban,4,Minor Arterial,2,County Highway Agency,0,This section IS NOT on the NHS,0,No Special Jurisdiction,13,13,42.28568889,42.28568889,-83.36333333,-83.36333333,34,Ditch,0,The First Harmful Event was Not a Collision with a Motor Vehicle in Transport,0,No,1,Non-Junction,1,Not an Intersection,4,On Roadside,0,None,3,Dark - Lighted,1,Clear,0,No,0000000,Not Applicable,88,Not Applicable (Not Notified),88,Not Applicable (Not Notified),88,Not Applicable,88,Not Applicable,88,Not Applicable (Not Transported),88,Not Applicable (Not Transported),1
26,Michigan,260015,0,0,2,2,0,4,4,17,BAY (17),0,NOT APPLICABLE,1,January,17,17,2,Monday,2022,14,2:00pm-2:59pm,27,27,SR-13 N HURON RD,NA,3,State Highway,1,Rural,4,Minor Arterial,1,State Highway Agency,0,This section IS NOT on the NHS,0,No Special Jurisdiction,258,258,43.89905,43.89905,-83.96616389,-83.96616389,12,Motor Vehicle In-Transport,1,Front-to-Rear,0,No,1,Non-Junction,1,Not an Intersection,1,On Roadway,0,None,1,Daylight,1,Clear,0,No,0000000,Not Applicable,14,2:00pm-2:59pm,27,27,14,2:00pm-2:59pm,36,36,88,Not Applicable (Not Transported),88,Not Applicable (Not Transported),3
26,Michigan,260016,1,1,1,1,0,1,1,163,WAYNE (163),1260,DETROIT,1,January,16,16,1,Sunday,2022,0,0:00am-0:59am,8,8,I-94,NA,1,Interstate,2,Urban,1,Interstate,1,State Highway Agency,1,This section IS ON the NHS,0,No Special Jurisdiction,346,346,42.40641111,42.40641111,-82.9553,-82.9553,8,Pedestrian,0,The First Harmful Event was Not a Collision with a Motor Vehicle in Transport,0,No,1,Non-Junction,1,Not an Intersection,1,On Roadway,0,None,3,Dark - Lighted,1,Clear,0,No,0000000,Not Applicable,99,Unknown,99,Unknown,99,Unknown EMS Scene Arrival Hour,99,Unknown EMS Scene Arrival Minutes,88,Not Applicable (Not Transported),88,Not Applicable (Not Transported),1
26,Michigan,260017,0,0,3,3,0,3,3,123,NEWAYGO (123),0,NOT APPLICABLE,1,January,20,20,5,Thursday,2022,6,6:00am-6:59am,24,24,SR-37 S MASON DR,NA,3,State Highway,1,Rural,4,Minor Arterial,1,State Highway Agency,0,This section IS NOT on the NHS,0,No Special Jurisdiction,55,55,43.36933611,43.36933611,-85.80086111,-85.80086111,12,Motor Vehicle In-Transport,6,Angle,0,No,1,Non-Junction,1,Not an Intersection,1,On Roadway,0,None,2,Dark - Not Lighted,1,Clear,0,No,0000000,Not Applicable,6,6:00am-6:59am,28,28,6,6:00am-6:59am,35,35,99,Unknown,99,Unknown EMS Hospital Arrival Time,1
26,Michigan,260018,0,0,1,1,0,1,1,75,JACKSON (75),2764,LEONI,1,January,3,3,2,Monday,2022,8,8:00am-8:59am,23,23,US-127,NA,2,US Highway,2,Urban,2,Principal Arterial - Other Freeways and Expressways,1,State Highway Agency,1,This section IS ON the NHS,0,No Special Jurisdiction,21,21,42.22061944,42.22061944,-84.36252778,-84.36252778,1,Rollover/Overturn,0,The First Harmful Event was Not a Collision with a Motor Vehicle in Transport,1,Yes,19,Other location within Interchange Area,1,Not an Intersection,3,On Median,0,None,1,Daylight,1,Clear,0,No,0000000,Not Applicable,8,8:00am-8:59am,25,25,8,8:00am-8:59am,30,30,88,Not Applicable (Not Transported),88,Not Applicable (Not Transported),1
26,Michigan,260019,0,0,3,3,0,4,4,145,SAGINAW (145),0,NOT APPLICABLE,1,January,3,3,2,Monday,2022,21,9:00pm-9:59pm,7,7,SR-47 MIDLAND RD,NA,3,State Highway,2,Urban,3,Principal Arterial - Other,1,State Highway Agency,1,This section IS ON the NHS,0,No Special Jurisdiction,42,42,43.46483333,43.46483333,-84.08210833,-84.08210833,12,Motor Vehicle In-Transport,2,Front-to-Front,0,No,1,Non-Junction,1,Not an Intersection,1,On Roadway,0,None,3,Dark - Lighted,1,Clear,0,No,0000000,Not Applicable,99,Unknown,99,Unknown,99,Unknown EMS Scene Arrival Hour,99,Unknown EMS Scene Arrival Minutes,99,Unknown,99,Unknown EMS Hospital Arrival Time,1
26,Michigan,260020,0,0,3,3,0,3,3,35,CLARE (35),0,NOT APPLICABLE,1,January,22,22,7,Saturday,2022,13,1:00pm-1:59pm,22,22,SR-115 CADILLAC DR,NA,3,State Highway,1,Rural,3,Principal Arterial - Other,1,State Highway Agency,1,This section IS ON the NHS,0,No Special Jurisdiction,33,33,43.94724722,43.94724722,-85.04686389,-85.04686389,12,Motor Vehicle In-Transport,2,Front-to-Front,0,No,8,Driveway Access Related,1,Not an Intersection,1,On Roadway,0,None,1,Daylight,4,Snow,0,No,0000000,Not Applicable,13,1:00pm-1:59pm,21,21,13,1:00pm-1:59pm,39,39,99,Unknown,99,Unknown EMS Hospital Arrival Time,1
26,Michigan,260021,1,1,1,1,0,2,2,65,INGHAM (65),1430,EAST LANSING,1,January,18,18,3,Tuesday,2022,5,5:00am-5:59am,12,12,WEST RD,NA,6,Local Street - Municipality,2,Urban,7,Local,4,City or Municipal Highway Agency,0,This section IS NOT on the NHS,0,No Special Jurisdiction,1,1,42.76653056,42.76653056,-84.50836111,-84.50836111,8,Pedestrian,0,The First Harmful Event was Not a Collision with a Motor Vehicle in Transport,0,No,1,Non-Junction,1,Not an Intersection,1,On Roadway,0,None,2,Dark - Not Lighted,1,Clear,0,No,0000000,Not Applicable,99,Unknown,99,Unknown,99,Unknown EMS Scene Arrival Hour,99,Unknown EMS Scene Arrival Minutes,88,Not Applicable (Not Transported),88,Not Applicable (Not Transported),1
26,Michigan,260022,0,0,2,2,0,5,5,93,LIVINGSTON (93),0,NOT APPLICABLE,1,January,22,22,7,Saturday,2022,22,10:00pm-10:59pm,51,51,CR-S HACKER RD,S MCCLEMENTS RD,4,County Road,2,Urban,5,Major Collector,2,County Highway Agency,0,This section IS NOT on the NHS,0,No Special Jurisdiction,21,21,42.58735833,42.58735833,-83.80027222,-83.80027222,12,Motor Vehicle In-Transport,6,Angle,0,No,2,Intersection,2,Four-Way Intersection,1,On Roadway,0,None,2,Dark - Not Lighted,4,Snow,0,No,0000000,Not Applicable,22,10:00pm-10:59pm,54,54,23,11:00pm-11:59pm,2,2,99,Unknown,99,Unknown EMS Hospital Arrival Time,2
26,Michigan,260023,0,0,3,3,0,3,3,163,WAYNE (163),0,NOT APPLICABLE,1,January,5,5,4,Wednesday,2022,22,10:00pm-10:59pm,12,12,CR-SIBLEY RD,NA,4,County Road,2,Urban,4,Minor Arterial,2,County Highway Agency,0,This section IS NOT on the NHS,0,No Special Jurisdiction,40,40,42.16653611,42.16653611,-83.322975,-83.322975,12,Motor Vehicle In-Transport,1,Front-to-Rear,0,No,1,Non-Junction,1,Not an Intersection,1,On Roadway,0,None,2,Dark - Not Lighted,1,Clear,0,No,0000000,Not Applicable,22,10:00pm-10:59pm,13,13,22,10:00pm-10:59pm,19,19,99,Unknown,99,Unknown EMS Hospital Arrival Time,1
26,Michigan,260024,1,1,1,1,0,1,1,163,WAYNE (163),1260,DETROIT,1,January,22,22,7,Saturday,2022,18,6:00pm-6:59pm,55,55,SR-102 8 MILE RD,NA,3,State Highway,2,Urban,3,Principal Arterial - Other,1,State Highway Agency,1,This section IS ON the NHS,0,No Special Jurisdiction,104,104,42.44655278,42.44655278,-83.11785,-83.11785,9,Pedalcyclist,0,The First Harmful Event was Not a Collision with a Motor Vehicle in Transport,0,No,1,Non-Junction,1,Not an Intersection,1,On Roadway,0,None,2,Dark - Not Lighted,4,Snow,0,No,0000000,Not Applicable,99,Unknown,99,Unknown,99,Unknown EMS Scene Arrival Hour,99,Unknown EMS Scene Arrival Minutes,88,Not Applicable (Not Transported),88,Not Applicable (Not Transported),1
26,Michigan,260025,1,1,1,1,0,1,1,163,WAYNE (163),1260,DETROIT,1,January,24,24,2,Monday,2022,0,0:00am-0:59am,33,33,CR-GREENFIELD RD,NA,4,County Road,2,Urban,3,Principal Arterial - Other,2,County Highway Agency,1,This section IS ON the NHS,0,No Special Jurisdiction,103,103,42.41626111,42.41626111,-83.19927222,-83.19927222,8,Pedestrian,0,The First Harmful Event was Not a Collision with a Motor Vehicle in Transport,0,No,1,Non-Junction,1,Not an Intersection,1,On Roadway,0,None,3,Dark - Lighted,1,Clear,0,No,0000000,Not Applicable,99,Unknown,99,Unknown,99,Unknown EMS Scene Arrival Hour,99,Unknown EMS Scene Arrival Minutes,88,Not Applicable (Not Transported),88,Not Applicable (Not Transported),1
26,Michigan,260026,0,0,1,1,0,1,1,155,SHIAWASSEE (155),0,NOT APPLICABLE,1,January,14,14,6,Friday,2022,18,6:00pm-6:59pm,36,36,CR-BENNINGTON RD,NA,4,County Road,1,Rural,5,Major Collector,2,County Highway Agency,0,This section IS NOT on the NHS,0,No Special Jurisdiction,9,9,42.93418611,42.93418611,-84.34808333,-84.34808333,35,Embankment,0,The First Harmful Event was Not a Collision with a Motor Vehicle in Transport,0,No,1,Non-Junction,1,Not an Intersection,4,On Roadside,0,None,2,Dark - Not Lighted,1,Clear,0,No,0000000,Not Applicable,99,Unknown,99,Unknown,99,Unknown EMS Scene Arrival Hour,99,Unknown EMS Scene Arrival Minutes,99,Unknown,99,Unknown EMS Hospital Arrival Time,1
26,Michigan,260027,0,0,2,2,0,2,2,47,EMMET (47),0,NOT APPLICABLE,1,January,27,27,5,Thursday,2022,7,7:00am-7:59am,53,53,US-31 ODEN RD,NA,2,US Highway,1,Rural,3,Principal Arterial - Other,1,State Highway Agency,1,This section IS ON the NHS,0,No Special Jurisdiction,66,66,45.42392778,45.42392778,-84.85653056,-84.85653056,12,Motor Vehicle In-Transport,2,Front-to-Front,0,No,1,Non-Junction,1,Not an Intersection,1,On Roadway,0,None,1,Daylight,4,Snow,0,No,0000000,Not Applicable,7,7:00am-7:59am,57,57,8,8:00am-8:59am,8,8,88,Not Applicable (Not Transported),88,Not Applicable (Not Transported),1
26,Michigan,260028,0,0,3,3,0,3,3,17,BAY (17),0,NOT APPLICABLE,1,January,5,5,4,Wednesday,2022,14,2:00pm-2:59pm,2,2,I-75,NA,1,Interstate,1,Rural,1,Interstate,1,State Highway Agency,1,This section IS ON the NHS,0,No Special Jurisdiction,253,253,43.86857222,43.86857222,-84.02214167,-84.02214167,12,Motor Vehicle In-Transport,6,Angle,0,No,1,Non-Junction,1,Not an Intersection,1,On Roadway,0,None,1,Daylight,4,Snow,0,No,0000000,Not Applicable,99,Unknown,99,Unknown,99,Unknown EMS Scene Arrival Hour,99,Unknown EMS Scene Arrival Minutes,88,Not Applicable (Not Transported),88,Not Applicable (Not Transported),1
26,Michigan,260029,0,0,1,1,0,1,1,163,WAYNE (163),1260,DETROIT,1,January,25,25,3,Tuesday,2022,15,3:00pm-3:59pm,42,42,HARPER AVE,NA,6,Local Street - Municipality,2,Urban,4,Minor Arterial,4,City or Municipal Highway Agency,0,This section IS NOT on the NHS,0,No Special Jurisdiction,27,27,42.40038056,42.40038056,-82.97886389,-82.97886389,30,Utility Pole/Light Support,0,The First Harmful Event was Not a Collision with a Motor Vehicle in Transport,0,No,1,Non-Junction,1,Not an Intersection,4,On Roadside,0,None,1,Daylight,10,Cloudy,0,No,0000000,Not Applicable,99,Unknown,99,Unknown,99,Unknown EMS Scene Arrival Hour,99,Unknown EMS Scene Arrival Minutes,99,Unknown,99,Unknown EMS Hospital Arrival Time,1
26,Michigan,260030,0,0,1,1,0,2,2,163,WAYNE (163),0,NOT APPLICABLE,1,January,29,29,7,Saturday,2022,0,0:00am-0:59am,30,30,CR-KING RD,NA,4,County Road,2,Urban,5,Major Collector,2,County Highway Agency,0,This section IS NOT on the NHS,0,No Special Jurisdiction,43,43,42.15215556,42.15215556,-83.3252,-83.3252,30,Utility Pole/Light Support,0,The First Harmful Event was Not a Collision with a Motor Vehicle in Transport,0,No,1,Non-Junction,1,Not an Intersection,4,On Roadside,0,None,3,Dark - Lighted,1,Clear,0,No,0000000,Not Applicable,0,0:00am-0:59am,32,32,0,0:00am-0:59am,40,40,88,Not Applicable (Not Transported),88,Not Applicable (Not Transported),2
26,Michigan,260031,0,0,2,2,0,2,2,81,KENT (81),0,NOT APPLICABLE,1,January,27,27,5,Thursday,2022,18,6:00pm-6:59pm,2,2,CR-FRUIT RIDGE AE NW,NA,4,County Road,2,Urban,4,Minor Arterial,2,County Highway Agency,0,This section IS NOT on the NHS,0,No Special Jurisdiction,21,21,43.04527778,43.04527778,-85.76785278,-85.76785278,12,Motor Vehicle In-Transport,2,Front-to-Front,0,No,1,Non-Junction,1,Not an Intersection,1,On Roadway,0,None,2,Dark - Not Lighted,1,Clear,0,No,0000000,Not Applicable,18,6:00pm-6:59pm,6,6,99,Unknown EMS Scene Arrival Hour,99,Unknown EMS Scene Arrival Minutes,99,Unknown,99,Unknown EMS Hospital Arrival Time,1
26,Michigan,260032,1,1,1,1,0,1,1,77,KALAMAZOO (77),2520,KALAMAZOO,1,January,28,28,6,Friday,2022,18,6:00pm-6:59pm,31,31,S BURDICK ST,NA,6,Local Street - Municipality,2,Urban,4,Minor Arterial,4,City or Municipal Highway Agency,0,This section IS NOT on the NHS,0,No Special Jurisdiction,3,3,42.24886667,42.24886667,-85.57993611,-85.57993611,8,Pedestrian,0,The First Harmful Event was Not a Collision with a Motor Vehicle in Transport,0,No,1,Non-Junction,1,Not an Intersection,1,On Roadway,0,None,3,Dark - Lighted,1,Clear,0,No,0000000,Not Applicable,99,Unknown,99,Unknown,99,Unknown EMS Scene Arrival Hour,99,Unknown EMS Scene Arrival Minutes,99,Unknown,99,Unknown EMS Hospital Arrival Time,1
26,Michigan,260033,0,0,1,1,0,1,1,121,MUSKEGON (121),0,NOT APPLICABLE,1,January,30,30,1,Sunday,2022,6,6:00am-6:59am,59,59,CR-HOLTON DUCK LAKE RD,NA,4,County Road,1,Rural,5,Major Collector,2,County Highway Agency,0,This section IS NOT on the NHS,0,No Special Jurisdiction,97,97,43.43662222,43.43662222,-86.07939444,-86.07939444,42,Tree (Standing Only),0,The First Harmful Event was Not a Collision with a Motor Vehicle in Transport,0,No,1,Non-Junction,1,Not an Intersection,4,On Roadside,0,None,9,Reported as Unknown,99,Reported as Unknown,0,No,0000000,Not Applicable,7,7:00am-7:59am,1,1,7,7:00am-7:59am,18,18,88,Not Applicable (Not Transported),88,Not Applicable (Not Transported),1
26,Michigan,260034,0,0,1,1,0,1,1,163,WAYNE (163),1260,DETROIT,1,January,7,7,6,Friday,2022,23,11:00pm-11:59pm,37,37,SR-102 8 MILE RD,EXETER RD,3,State Highway,2,Urban,3,Principal Arterial - Other,1,State Highway Agency,1,This section IS ON the NHS,0,No Special Jurisdiction,110,110,42.44704722,42.44704722,-83.10508889,-83.10508889,33,Curb,0,The First Harmful Event was Not a Collision with a Motor Vehicle in Transport,0,No,3,Intersection-Related,2,Four-Way Intersection,3,On Median,0,None,3,Dark - Lighted,1,Clear,0,No,0000000,Not Applicable,23,11:00pm-11:59pm,39,39,23,11:00pm-11:59pm,39,39,88,Not Applicable (Not Transported),88,Not Applicable (Not Transported),1
26,Michigan,260035,0,0,2,2,0,2,2,163,WAYNE (163),1260,DETROIT,1,January,24,24,2,Monday,2022,2,2:00am-2:59am,50,50,I-94,NA,1,Interstate,2,Urban,1,Interstate,1,State Highway Agency,1,This section IS ON the NHS,0,No Special Jurisdiction,24,24,42.35879167,42.35879167,-83.11652222,-83.11652222,12,Motor Vehicle In-Transport,1,Front-to-Rear,0,No,1,Non-Junction,1,Not an Intersection,1,On Roadway,0,None,3,Dark - Lighted,10,Cloudy,0,No,0000000,Not Applicable,99,Unknown,99,Unknown,99,Unknown EMS Scene Arrival Hour,99,Unknown EMS Scene Arrival Minutes,99,Unknown,99,Unknown EMS Hospital Arrival Time,1
26,Michigan,260036,0,0,2,2,0,4,4,91,LENAWEE (91),4214,RIGA,1,January,8,8,7,Saturday,2022,16,4:00pm-4:59pm,45,45,CR-HORTON RD,LIPP HWY,4,County Road,1,Rural,7,Local,2,County Highway Agency,0,This section IS NOT on the NHS,0,No Special Jurisdiction,40,40,41.80286389,41.80286389,-83.805375,-83.805375,12,Motor Vehicle In-Transport,6,Angle,0,No,2,Intersection,2,Four-Way Intersection,1,On Roadway,0,None,1,Daylight,1,Clear,0,No,0000000,Not Applicable,16,4:00pm-4:59pm,47,47,16,4:00pm-4:59pm,54,54,99,Unknown,99,Unknown EMS Hospital Arrival Time,1
26,Michigan,260037,0,0,1,1,0,1,1,111,MIDLAND (111),0,NOT APPLICABLE,1,January,31,31,2,Monday,2022,6,6:00am-6:59am,39,39,CR-E WHEELER RD,NA,4,County Road,2,Urban,5,Major Collector,2,County Highway Agency,0,This section IS NOT on the NHS,0,No Special Jurisdiction,1,1,43.64128611,43.64128611,-84.18594444,-84.18594444,42,Tree (Standing Only),0,The First Harmful Event was Not a Collision with a Motor Vehicle in Transport,0,No,1,Non-Junction,1,Not an Intersection,4,On Roadside,0,None,2,Dark - Not Lighted,10,Cloudy,0,No,0000000,Not Applicable,99,Unknown,99,Unknown,99,Unknown EMS Scene Arrival Hour,99,Unknown EMS Scene Arrival Minutes,99,Unknown,99,Unknown EMS Hospital Arrival Time,1
26,Michigan,260038,1,1,1,1,0,1,1,81,KENT (81),5319,WYOMING,1,January,31,31,2,Monday,2022,19,7:00pm-7:59pm,46,46,DIVISION AVE,54TH ST SW,6,Local Street - Municipality,2,Urban,3,Principal Arterial - Other,4,City or Municipal Highway Agency,1,This section IS ON the NHS,0,No Special Jurisdiction,73,73,42.86569444,42.86569444,-85.66416944,-85.66416944,8,Pedestrian,0,The First Harmful Event was Not a Collision with a Motor Vehicle in Transport,0,No,3,Intersection-Related,2,Four-Way Intersection,1,On Roadway,0,None,3,Dark - Lighted,1,Clear,0,No,0000000,Not Applicable,19,7:00pm-7:59pm,47,47,19,7:00pm-7:59pm,55,55,88,Not Applicable (Not Transported),88,Not Applicable (Not Transported),1
26,Michigan,260039,0,0,2,2,0,2,2,29,CHARLEVOIX (29),0,NOT APPLICABLE,1,January,7,7,6,Friday,2022,17,5:00pm-5:59pm,56,56,US-131,NA,2,US Highway,2,Urban,3,Principal Arterial - Other,1,State Highway Agency,1,This section IS ON the NHS,0,No Special Jurisdiction,118,118,45.27509444,45.27509444,-84.92916667,-84.92916667,12,Motor Vehicle In-Transport,1,Front-to-Rear,0,No,1,Non-Junction,1,Not an Intersection,1,On Roadway,0,None,2,Dark - Not Lighted,4,Snow,0,No,0000000,Not Applicable,99,Unknown,99,Unknown,99,Unknown EMS Scene Arrival Hour,99,Unknown EMS Scene Arrival Minutes,99,Unknown,99,Unknown EMS Hospital Arrival Time,1
26,Michigan,260040,1,1,1,1,0,1,1,125,OAKLAND (125),1652,FARMINGTON HILLS,1,January,10,10,2,Monday,2022,6,6:00am-6:59am,49,49,SR-96,NA,3,State Highway,2,Urban,4,Minor Arterial,1,State Highway Agency,0,This section IS NOT on the NHS,0,No Special Jurisdiction,145,145,42.46838889,42.46838889,-83.41681944,-83.41681944,8,Pedestrian,0,The First Harmful Event was Not a Collision with a Motor Vehicle in Transport,1,Yes,18,Through Roadway,1,Not an Intersection,1,On Roadway,0,None,2,Dark - Not Lighted,1,Clear,0,No,0000000,Not Applicable,6,6:00am-6:59am,50,50,6,6:00am-6:59am,55,55,99,Unknown,99,Unknown EMS Hospital Arrival Time,1
26,Michigan,260041,0,0,2,2,0,3,3,117,MONTCALM (117),0,NOT APPLICABLE,1,January,9,9,1,Sunday,2022,8,8:00am-8:59am,24,24,SR-46 HOWARD CITY EDMORE RD,NA,3,State Highway,1,Rural,3,Principal Arterial - Other,1,State Highway Agency,1,This section IS ON the NHS,0,No Special Jurisdiction,129,129,43.43090556,43.43090556,-85.22238889,-85.22238889,12,Motor Vehicle In-Transport,6,Angle,0,No,1,Non-Junction,1,Not an Intersection,1,On Roadway,0,None,1,Daylight,10,Cloudy,0,No,0000000,Not Applicable,8,8:00am-8:59am,26,26,8,8:00am-8:59am,32,32,99,Unknown,99,Unknown EMS Hospital Arrival Time,1
26,Michigan,260042,0,0,2,2,0,3,3,17,BAY (17),0,NOT APPLICABLE,1,January,30,30,1,Sunday,2022,9,9:00am-9:59am,27,27,I-75,NA,1,Interstate,1,Rural,1,Interstate,1,State Highway Agency,1,This section IS ON the NHS,0,No Special Jurisdiction,272,272,43.89558333,43.89558333,-84.02037778,-84.02037778,24,Guardrail Face,0,The First Harmful Event was Not a Collision with a Motor Vehicle in Transport,0,No,1,Non-Junction,1,Not an Intersection,4,On Roadside,0,None,1,Daylight,4,Snow,0,No,0000000,Not Applicable,99,Unknown,99,Unknown,99,Unknown EMS Scene Arrival Hour,99,Unknown EMS Scene Arrival Minutes,99,Unknown,99,Unknown EMS Hospital Arrival Time,1
26,Michigan,260043,1,1,1,1,0,1,1,163,WAYNE (163),2430,INKSTER,1,January,21,21,6,Friday,2022,7,7:00am-7:59am,40,40,CR-MIDDLEBELT RD,NA,4,County Road,2,Urban,3,Principal Arterial - Other,2,County Highway Agency,1,This section IS ON the NHS,0,No Special Jurisdiction,128,128,42.30291389,42.30291389,-83.33014444,-83.33014444,8,Pedestrian,0,The First Harmful Event was Not a Collision with a Motor Vehicle in Transport,0,No,1,Non-Junction,1,Not an Intersection,1,On Roadway,0,None,3,Dark - Lighted,1,Clear,0,No,0000000,Not Applicable,99,Unknown,99,Unknown,99,Unknown EMS Scene Arrival Hour,99,Unknown EMS Scene Arrival Minutes,88,Not Applicable (Not Transported),88,Not Applicable (Not Transported),1
26,Michigan,260044,0,0,1,1,0,1,1,1,ALCONA (1),0,NOT APPLICABLE,1,January,15,15,7,Saturday,2022,3,3:00am-3:59am,30,30,CR-VANDERCOOK RD,NA,4,County Road,1,Rural,7,Local,2,County Highway Agency,0,This section IS NOT on the NHS,0,No Special Jurisdiction,41,41,44.55460556,44.55460556,-83.49287778,-83.49287778,42,Tree (Standing Only),0,The First Harmful Event was Not a Collision with a Motor Vehicle in Transport,0,No,1,Non-Junction,1,Not an Intersection,4,On Roadside,0,None,3,Dark - Lighted,1,Clear,0,No,0000000,Not Applicable,99,Unknown,99,Unknown,99,Unknown EMS Scene Arrival Hour,99,Unknown EMS Scene Arrival Minutes,88,Not Applicable (Not Transported),88,Not Applicable (Not Transported),1
26,Michigan,260045,1,1,1,1,0,1,1,147,ST. CLAIR (147),0,NOT APPLICABLE,1,January,12,12,4,Wednesday,2022,7,7:00am-7:59am,13,13,CR-DOVE RD,NA,4,County Road,2,Urban,4,Minor Arterial,2,County Highway Agency,0,This section IS NOT on the NHS,0,No Special Jurisdiction,22,22,42.95168056,42.95168056,-82.457125,-82.457125,8,Pedestrian,0,The First Harmful Event was Not a Collision with a Motor Vehicle in Transport,0,No,1,Non-Junction,1,Not an Intersection,1,On Roadway,0,None,2,Dark - Not Lighted,1,Clear,0,No,0000000,Not Applicable,7,7:00am-7:59am,14,14,7,7:00am-7:59am,18,18,88,Not Applicable (Not Transported),88,Not Applicable (Not Transported),1
26,Michigan,260046,0,1,3,2,1,3,2,107,MECOSTA (107),0,NOT APPLICABLE,1,January,8,8,7,Saturday,2022,23,11:00pm-11:59pm,47,47,US-131,NA,2,US Highway,1,Rural,2,Principal Arterial - Other Freeways and Expressways,1,State Highway Agency,1,This section IS ON the NHS,0,No Special Jurisdiction,66,66,43.56569444,43.56569444,-85.49064444,-85.49064444,14,Parked Motor Vehicle,0,The First Harmful Event was Not a Collision with a Motor Vehicle in Transport,0,No,1,Non-Junction,1,Not an Intersection,2,On Shoulder,0,None,2,Dark - Not Lighted,2,Rain,0,No,0000000,Not Applicable,99,Unknown,99,Unknown,99,Unknown EMS Scene Arrival Hour,99,Unknown EMS Scene Arrival Minutes,99,Unknown,99,Unknown EMS Hospital Arrival Time,1
26,Michigan,260047,0,0,1,1,0,1,1,19,BENZIE (19),0,NOT APPLICABLE,1,January,7,7,6,Friday,2022,13,1:00pm-1:59pm,58,58,CR-LINDY RD,NA,4,County Road,1,Rural,5,Major Collector,2,County Highway Agency,0,This section IS NOT on the NHS,0,No Special Jurisdiction,57,57,44.52007778,44.52007778,-85.88054167,-85.88054167,42,Tree (Standing Only),0,The First Harmful Event was Not a Collision with a Motor Vehicle in Transport,0,No,1,Non-Junction,1,Not an Intersection,4,On Roadside,0,None,1,Daylight,10,Cloudy,0,No,0000000,Not Applicable,14,2:00pm-2:59pm,1,1,14,2:00pm-2:59pm,12,12,99,Unknown,99,Unknown EMS Hospital Arrival Time,1
26,Michigan,260048,0,0,2,2,0,3,3,77,KALAMAZOO (77),1084,COMSTOCK,1,January,14,14,6,Friday,2022,22,10:00pm-10:59pm,35,35,CR-SPRINKLE RD,NA,4,County Road,2,Urban,3,Principal Arterial - Other,2,County Highway Agency,1,This section IS ON the NHS,0,No Special Jurisdiction,99,99,42.31440278,42.31440278,-85.52155278,-85.52155278,12,Motor Vehicle In-Transport,2,Front-to-Front,0,No,1,Non-Junction,1,Not an Intersection,1,On Roadway,0,None,3,Dark - Lighted,1,Clear,0,No,0000000,Not Applicable,22,10:00pm-10:59pm,35,35,22,10:00pm-10:59pm,51,51,99,Unknown,99,Unknown EMS Hospital Arrival Time,1
26,Michigan,260049,0,0,2,2,0,2,2,125,OAKLAND (125),510,BLOOMFIELD HILLS,1,January,16,16,1,Sunday,2022,10,10:00am-10:59am,26,26,KENSINGTON RD,LONG LAKE RD,6,Local Street - Municipality,2,Urban,5,Major Collector,4,City or Municipal Highway Agency,0,This section IS NOT on the NHS,0,No Special Jurisdiction,10,10,42.58669167,42.58669167,-83.23618333,-83.23618333,12,Motor Vehicle In-Transport,6,Angle,0,No,2,Intersection,2,Four-Way Intersection,1,On Roadway,0,None,1,Daylight,1,Clear,0,No,0000000,Not Applicable,10,10:00am-10:59am,26,26,10,10:00am-10:59am,26,26,99,Unknown,99,Unknown EMS Hospital Arrival Time,1
26,Michigan,260050,0,0,1,1,0,1,1,163,WAYNE (163),1260,DETROIT,1,January,14,14,6,Friday,2022,11,11:00am-11:59am,54,54,ALEXANDRINE ST,NA,6,Local Street - Municipality,2,Urban,7,Local,4,City or Municipal Highway Agency,0,This section IS NOT on the NHS,0,No Special Jurisdiction,7,7,42.35797778,42.35797778,-83.03989722,-83.03989722,40,Fire Hydrant,0,The First Harmful Event was Not a Collision with a Motor Vehicle in Transport,0,No,1,Non-Junction,1,Not an Intersection,4,On Roadside,0,None,1,Daylight,1,Clear,0,No,0000000,Not Applicable,99,Unknown,99,Unknown,99,Unknown EMS Scene Arrival Hour,99,Unknown EMS Scene Arrival Minutes,99,Unknown,99,Unknown EMS Hospital Arrival Time,1
26,Michigan,260051,0,0,2,2,0,3,3,117,MONTCALM (117),0,NOT APPLICABLE,1,January,17,17,2,Monday,2022,13,1:00pm-1:59pm,23,23,CR-SIDNEY RD,NA,4,County Road,1,Rural,5,Major Collector,2,County Highway Agency,0,This section IS NOT on the NHS,0,No Special Jurisdiction,42,42,43.24979444,43.24979444,-85.22790556,-85.22790556,12,Motor Vehicle In-Transport,2,Front-to-Front,0,No,1,Non-Junction,1,Not an Intersection,1,On Roadway,0,None,1,Daylight,10,Cloudy,0,No,0000000,Not Applicable,13,1:00pm-1:59pm,23,23,13,1:00pm-1:59pm,31,31,99,Unknown,99,Unknown EMS Hospital Arrival Time,2
26,Michigan,260052,0,0,1,1,0,1,1,39,CRAWFORD (39),0,NOT APPLICABLE,1,January,12,12,4,Wednesday,2022,20,8:00pm-8:59pm,37,37,US-127,NA,2,US Highway,1,Rural,2,Principal Arterial - Other Freeways and Expressways,1,State Highway Agency,1,This section IS ON the NHS,0,No Special Jurisdiction,42,42,44.56246667,44.56246667,-84.72619722,-84.72619722,1,Rollover/Overturn,0,The First Harmful Event was Not a Collision with a Motor Vehicle in Transport,0,No,1,Non-Junction,1,Not an Intersection,4,On Roadside,0,None,2,Dark - Not Lighted,1,Clear,0,No,0000000,Not Applicable,99,Unknown,98,Unknown if Notified,99,Unknown EMS Scene Arrival Hour,98,Unknown if Arrived,88,Not Applicable (Not Transported),88,Not Applicable (Not Transported),1
26,Michigan,260053,0,0,2,2,0,2,2,87,LAPEER (87),0,NOT APPLICABLE,2,February,2,2,4,Wednesday,2022,15,3:00pm-3:59pm,22,22,SR-53 VAN DYKE RD,NA,3,State Highway,1,Rural,3,Principal Arterial - Other,1,State Highway Agency,1,This section IS ON the NHS,0,No Special Jurisdiction,60,60,42.97323889,42.97323889,-83.05778056,-83.05778056,12,Motor Vehicle In-Transport,2,Front-to-Front,0,No,1,Non-Junction,1,Not an Intersection,1,On Roadway,0,None,1,Daylight,11,Blowing Snow,0,No,0000000,Not Applicable,15,3:00pm-3:59pm,26,26,15,3:00pm-3:59pm,30,30,99,Unknown,99,Unknown EMS Hospital Arrival Time,1
26,Michigan,260054,0,0,1,1,0,1,1,117,MONTCALM (117),0,NOT APPLICABLE,2,February,5,5,7,Saturday,2022,1,1:00am-1:59am,44,44,CR-S JOHNSON RD,NA,4,County Road,1,Rural,5,Major Collector,2,County Highway Agency,0,This section IS NOT on the NHS,0,No Special Jurisdiction,23,23,43.28271389,43.28271389,-85.30237778,-85.30237778,42,Tree (Standing Only),0,The First Harmful Event was Not a Collision with a Motor Vehicle in Transport,0,No,1,Non-Junction,1,Not an Intersection,4,On Roadside,0,None,2,Dark - Not Lighted,4,Snow,0,No,0000000,Not Applicable,1,1:00am-1:59am,58,58,2,2:00am-2:59am,5,5,88,Not Applicable (Not Transported),88,Not Applicable (Not Transported),1
26,Michigan,260055,0,0,2,2,0,2,2,57,GRATIOT (57),0,NOT APPLICABLE,1,January,21,21,6,Friday,2022,5,5:00am-5:59am,52,52,SR-46 MONROE RD,NA,3,State Highway,1,Rural,3,Principal Arterial - Other,1,State Highway Agency,1,This section IS ON the NHS,0,No Special Jurisdiction,169,169,43.40796389,43.40796389,-84.50753056,-84.50753056,12,Motor Vehicle In-Transport,6,Angle,0,No,1,Non-Junction,1,Not an Intersection,1,On Roadway,0,None,2,Dark - Not Lighted,1,Clear,0,No,0000000,Not Applicable,99,Unknown,99,Unknown,99,Unknown EMS Scene Arrival Hour,99,Unknown EMS Scene Arrival Minutes,99,Unknown,99,Unknown EMS Hospital Arrival Time,1
26,Michigan,260056,0,0,1,1,0,1,1,99,MACOMB (99),1009,CLINTON TOWNSHIP,2,February,1,1,3,Tuesday,2022,21,9:00pm-9:59pm,5,5,CR-EGAN ST,CARLIER ST,4,County Road,2,Urban,7,Local,2,County Highway Agency,0,This section IS NOT on the NHS,0,No Special Jurisdiction,1,1,42.56370556,42.56370556,-82.91412222,-82.91412222,1,Rollover/Overturn,0,The First Harmful Event was Not a Collision with a Motor Vehicle in Transport,0,No,3,Intersection-Related,3,T-Intersection,4,On Roadside,0,None,3,Dark - Lighted,2,Rain,0,No,0000000,Not Applicable,21,9:00pm-9:59pm,5,5,21,9:00pm-9:59pm,9,9,99,Unknown,99,Unknown EMS Hospital Arrival Time,1
26,Michigan,260057,0,0,1,1,0,1,1,145,SAGINAW (145),0,NOT APPLICABLE,2,February,3,3,5,Thursday,2022,20,8:00pm-8:59pm,28,28,CR-GRABOWSKI RD,NA,4,County Road,1,Rural,7,Local,2,County Highway Agency,0,This section IS NOT on the NHS,0,No Special Jurisdiction,48,48,43.31954167,43.31954167,-84.194225,-84.194225,42,Tree (Standing Only),0,The First Harmful Event was Not a Collision with a Motor Vehicle in Transport,0,No,1,Non-Junction,1,Not an Intersection,4,On Roadside,0,None,2,Dark - Not Lighted,4,Snow,0,No,0000000,Not Applicable,99,Unknown,99,Unknown,99,Unknown EMS Scene Arrival Hour,99,Unknown EMS Scene Arrival Minutes,88,Not Applicable (Not Transported),88,Not Applicable (Not Transported),1
26,Michigan,260058,0,0,2,2,0,2,2,49,GENESEE (49),0,NOT APPLICABLE,2,February,4,4,6,Friday,2022,18,6:00pm-6:59pm,3,3,CR-N ELMS RD,NA,4,County Road,2,Urban,5,Major Collector,2,County Highway Agency,0,This section IS NOT on the NHS,0,No Special Jurisdiction,144,144,43.12136944,43.12136944,-83.81370833,-83.81370833,12,Motor Vehicle In-Transport,2,Front-to-Front,0,No,1,Non-Junction,1,Not an Intersection,1,On Roadway,0,None,2,Dark - Not Lighted,1,Clear,0,No,0000000,Not Applicable,99,Unknown,99,Unknown,99,Unknown EMS Scene Arrival Hour,99,Unknown EMS Scene Arrival Minutes,99,Unknown,99,Unknown EMS Hospital Arrival Time,1
26,Michigan,260059,2,2,2,2,0,1,1,37,CLINTON (37),0,NOT APPLICABLE,1,January,18,18,3,Tuesday,2022,7,7:00am-7:59am,20,20,SR-21 BLUE WATER HWY,NA,3,State Highway,2,Urban,4,Minor Arterial,1,State Highway Agency,0,This section IS NOT on the NHS,0,No Special Jurisdiction,159,159,43.00139444,43.00139444,-84.52352222,-84.52352222,8,Pedestrian,0,The First Harmful Event was Not a Collision with a Motor Vehicle in Transport,0,No,1,Non-Junction,1,Not an Intersection,1,On Roadway,0,None,2,Dark - Not Lighted,10,Cloudy,0,No,0000000,Not Applicable,99,Unknown,99,Unknown,99,Unknown EMS Scene Arrival Hour,99,Unknown EMS Scene Arrival Minutes,99,Unknown,99,Unknown EMS Hospital Arrival Time,1
26,Michigan,260060,0,0,2,2,0,2,2,67,IONIA (67),0,NOT APPLICABLE,1,January,24,24,2,Monday,2022,11,11:00am-11:59am,43,43,CR-JORDAN LAKE RD,DAVID HWY,4,County Road,1,Rural,5,Major Collector,2,County Highway Agency,0,This section IS NOT on the NHS,0,No Special Jurisdiction,105,105,42.92970556,42.92970556,-85.13405556,-85.13405556,12,Motor Vehicle In-Transport,6,Angle,0,No,2,Intersection,2,Four-Way Intersection,1,On Roadway,0,None,1,Daylight,4,Snow,0,No,0000000,Not Applicable,11,11:00am-11:59am,48,48,11,11:00am-11:59am,51,51,99,Unknown,99,Unknown EMS Hospital Arrival Time,1
26,Michigan,260061,0,0,2,2,0,2,2,125,OAKLAND (125),2258,HIGHLAND,1,January,8,8,7,Saturday,2022,12,12:00pm-12:59pm,33,33,SR-59 HIGHLAND RD,NA,3,State Highway,2,Urban,3,Principal Arterial - Other,1,State Highway Agency,1,This section IS ON the NHS,0,No Special Jurisdiction,53,53,42.65371944,42.65371944,-83.5811,-83.5811,12,Motor Vehicle In-Transport,6,Angle,0,No,8,Driveway Access Related,1,Not an Intersection,1,On Roadway,0,None,1,Daylight,1,Clear,0,No,0000000,Not Applicable,12,12:00pm-12:59pm,33,33,12,12:00pm-12:59pm,38,38,99,Unknown,99,Unknown EMS Hospital Arrival Time,1
26,Michigan,260062,0,0,1,1,0,1,1,125,OAKLAND (125),0,NOT APPLICABLE,2,February,7,7,2,Monday,2022,5,5:00am-5:59am,26,26,CR-LAKE GEORGE RD,NA,4,County Road,1,Rural,5,Major Collector,2,County Highway Agency,0,This section IS NOT on the NHS,0,No Special Jurisdiction,49,49,42.81566111,42.81566111,-83.18049444,-83.18049444,44,"Pavement Surface Irregularity (Ruts, Potholes, Grates, etc.)",0,The First Harmful Event was Not a Collision with a Motor Vehicle in Transport,0,No,1,Non-Junction,1,Not an Intersection,4,On Roadside,0,None,2,Dark - Not Lighted,1,Clear,0,No,0000000,Not Applicable,5,5:00am-5:59am,26,26,5,5:00am-5:59am,37,37,88,Not Applicable (Not Transported),88,Not Applicable (Not Transported),1
26,Michigan,260063,0,0,1,1,0,1,1,37,CLINTON (37),0,NOT APPLICABLE,1,January,27,27,5,Thursday,2022,9,9:00am-9:59am,57,57,CR-CLARK RD,NA,4,County Road,1,Rural,4,Minor Arterial,2,County Highway Agency,0,This section IS NOT on the NHS,0,No Special Jurisdiction,153,153,42.81318889,42.81318889,-84.48548611,-84.48548611,42,Tree (Standing Only),0,The First Harmful Event was Not a Collision with a Motor Vehicle in Transport,0,No,1,Non-Junction,1,Not an Intersection,4,On Roadside,0,None,1,Daylight,1,Clear,0,No,0000000,Not Applicable,9,9:00am-9:59am,57,57,10,10:00am-10:59am,5,5,88,Not Applicable (Not Transported),88,Not Applicable (Not Transported),1
26,Michigan,260064,0,0,1,1,0,1,1,139,OTTAWA (139),0,NOT APPLICABLE,1,January,27,27,5,Thursday,2022,16,4:00pm-4:59pm,12,12,CR-LINCOLN RD,NA,4,County Road,1,Rural,5,Major Collector,2,County Highway Agency,0,This section IS NOT on the NHS,0,No Special Jurisdiction,59,59,43.001475,43.001475,-86.09916667,-86.09916667,40,Fire Hydrant,0,The First Harmful Event was Not a Collision with a Motor Vehicle in Transport,0,No,1,Non-Junction,1,Not an Intersection,4,On Roadside,0,None,1,Daylight,10,Cloudy,0,No,0000000,Not Applicable,16,4:00pm-4:59pm,12,12,16,4:00pm-4:59pm,16,16,88,Not Applicable (Not Transported),88,Not Applicable (Not Transported),1
26,Michigan,260065,0,0,2,2,0,2,2,163,WAYNE (163),1260,DETROIT,2,February,8,8,3,Tuesday,2022,2,2:00am-2:59am,7,7,SR-102 E 8 MILE RD,VAN DYKE ST,3,State Highway,2,Urban,3,Principal Arterial - Other,1,State Highway Agency,1,This section IS ON the NHS,0,No Special Jurisdiction,30,30,42.448125,42.448125,-83.02466389,-83.02466389,12,Motor Vehicle In-Transport,6,Angle,0,No,2,Intersection,2,Four-Way Intersection,1,On Roadway,0,None,3,Dark - Lighted,1,Clear,0,No,0000000,Not Applicable,99,Unknown,99,Unknown,99,Unknown EMS Scene Arrival Hour,99,Unknown EMS Scene Arrival Minutes,88,Not Applicable (Not Transported),88,Not Applicable (Not Transported),1
26,Michigan,260066,0,0,2,2,0,2,2,49,GENESEE (49),1730,FLINT,2,February,4,4,6,Friday,2022,6,6:00am-6:59am,36,36,SR-54 S DORT HWY,NA,3,State Highway,2,Urban,3,Principal Arterial - Other,1,State Highway Agency,1,This section IS ON the NHS,0,No Special Jurisdiction,81,81,43.02107222,43.02107222,-83.65478889,-83.65478889,12,Motor Vehicle In-Transport,1,Front-to-Rear,0,No,1,Non-Junction,1,Not an Intersection,1,On Roadway,0,None,3,Dark - Lighted,1,Clear,0,No,0000000,Not Applicable,6,6:00am-6:59am,37,37,6,6:00am-6:59am,42,42,88,Not Applicable (Not Transported),88,Not Applicable (Not Transported),1
26,Michigan,260067,0,0,3,1,2,2,2,99,MACOMB (99),3500,NEW BALTIMORE,1,January,22,22,7,Saturday,2022,1,1:00am-1:59am,56,56,SR-29,NA,3,State Highway,2,Urban,4,Minor Arterial,1,State Highway Agency,0,This section IS NOT on the NHS,0,No Special Jurisdiction,198,198,42.68708611,42.68708611,-82.71452222,-82.71452222,53,Mail Box,0,The First Harmful Event was Not a Collision with a Motor Vehicle in Transport,0,No,1,Non-Junction,1,Not an Intersection,4,On Roadside,0,None,3,Dark - Lighted,1,Clear,0,No,0000000,Not Applicable,99,Unknown,99,Unknown,99,Unknown EMS Scene Arrival Hour,99,Unknown EMS Scene Arrival Minutes,99,Unknown,99,Unknown EMS Hospital Arrival Time,1
26,Michigan,260068,0,0,1,1,0,1,1,163,WAYNE (163),2260,HIGHLAND PARK,1,January,30,30,1,Sunday,2022,6,6:00am-6:59am,36,36,SR-1 WOODWARD AVE,NA,3,State Highway,2,Urban,3,Principal Arterial - Other,1,State Highway Agency,1,This section IS ON the NHS,0,No Special Jurisdiction,6,6,42.41707778,42.41707778,-83.10495,-83.10495,30,Utility Pole/Light Support,0,The First Harmful Event was Not a Collision with a Motor Vehicle in Transport,0,No,1,Non-Junction,1,Not an Intersection,4,On Roadside,0,None,2,Dark - Not Lighted,1,Clear,0,No,0000000,Not Applicable,6,6:00am-6:59am,41,41,6,6:00am-6:59am,43,43,99,Unknown,99,Unknown EMS Hospital Arrival Time,1
26,Michigan,260069,0,0,5,2,3,2,2,99,MACOMB (99),5110,WARREN,1,January,10,10,2,Monday,2022,1,1:00am-1:59am,27,27,SR-102 8 MILE RD,MOUND RD,3,State Highway,2,Urban,3,Principal Arterial - Other,1,State Highway Agency,1,This section IS ON the NHS,0,No Special Jurisdiction,20,20,42.44805833,42.44805833,-83.04396944,-83.04396944,12,Motor Vehicle In-Transport,6,Angle,0,No,2,Intersection,2,Four-Way Intersection,1,On Roadway,0,None,3,Dark - Lighted,1,Clear,0,No,0000000,Not Applicable,99,Unknown,99,Unknown,99,Unknown EMS Scene Arrival Hour,99,Unknown EMS Scene Arrival Minutes,88,Not Applicable (Not Transported),88,Not Applicable (Not Transported),1
26,Michigan,260070,0,0,2,2,0,3,3,139,OTTAWA (139),0,NOT APPLICABLE,2,February,2,2,4,Wednesday,2022,11,11:00am-11:59am,31,31,I-96,NA,1,Interstate,1,Rural,1,Interstate,1,State Highway Agency,1,This section IS ON the NHS,0,No Special Jurisdiction,102,102,43.05886667,43.05886667,-85.96172222,-85.96172222,12,Motor Vehicle In-Transport,6,Angle,0,No,1,Non-Junction,1,Not an Intersection,1,On Roadway,0,None,1,Daylight,4,Snow,0,No,0000000,Not Applicable,99,Unknown,99,Unknown,99,Unknown EMS Scene Arrival Hour,99,Unknown EMS Scene Arrival Minutes,99,Unknown,99,Unknown EMS Hospital Arrival Time,1
26,Michigan,260071,0,0,2,2,0,2,2,77,KALAMAZOO (77),0,NOT APPLICABLE,2,February,11,11,6,Friday,2022,8,8:00am-8:59am,52,52,SR-96 E AUGUSTA DR,NA,3,State Highway,2,Urban,4,Minor Arterial,1,State Highway Agency,0,This section IS NOT on the NHS,0,No Special Jurisdiction,65,65,42.33419444,42.33419444,-85.33420278,-85.33420278,12,Motor Vehicle In-Transport,2,Front-to-Front,0,No,1,Non-Junction,1,Not an Intersection,1,On Roadway,0,None,1,Daylight,4,Snow,0,No,0000000,Not Applicable,8,8:00am-8:59am,54,54,99,Unknown EMS Scene Arrival Hour,99,Unknown EMS Scene Arrival Minutes,88,Not Applicable (Not Transported),88,Not Applicable (Not Transported),1
26,Michigan,260072,0,0,1,1,0,1,1,163,WAYNE (163),4815,TAYLOR,1,January,10,10,2,Monday,2022,18,6:00pm-6:59pm,18,18,I-94 RAMP 202C,NA,1,Interstate,2,Urban,3,Principal Arterial - Other,1,State Highway Agency,1,This section IS ON the NHS,0,No Special Jurisdiction,0,None,42.26393333,42.26393333,-83.26999722,-83.26999722,42,Tree (Standing Only),0,The First Harmful Event was Not a Collision with a Motor Vehicle in Transport,1,Yes,5,Entrance/Exit Ramp Related,1,Not an Intersection,8,Gore,0,None,3,Dark - Lighted,1,Clear,0,No,0000000,Not Applicable,99,Unknown,99,Unknown,99,Unknown EMS Scene Arrival Hour,99,Unknown EMS Scene Arrival Minutes,99,Unknown,99,Unknown EMS Hospital Arrival Time,1
26,Michigan,260073,0,0,1,1,0,1,1,143,ROSCOMMON (143),0,NOT APPLICABLE,2,February,4,4,6,Friday,2022,10,10:00am-10:59am,15,15,CR-E HOUGHTON LAKE DR,NA,4,County Road,2,Urban,4,Minor Arterial,2,County Highway Agency,0,This section IS NOT on the NHS,0,No Special Jurisdiction,109,109,44.40191389,44.40191389,-84.76476389,-84.76476389,42,Tree (Standing Only),0,The First Harmful Event was Not a Collision with a Motor Vehicle in Transport,0,No,1,Non-Junction,1,Not an Intersection,4,On Roadside,0,None,1,Daylight,1,Clear,0,No,0000000,Not Applicable,10,10:00am-10:59am,20,20,10,10:00am-10:59am,30,30,88,Not Applicable (Not Transported),88,Not Applicable (Not Transported),1
26,Michigan,260074,1,1,1,1,0,1,1,65,INGHAM (65),0,NOT APPLICABLE,2,February,15,15,3,Tuesday,2022,5,5:00am-5:59am,30,30,SR-43 W SAGINAW ST,N DEERFIELD AVE,3,State Highway,2,Urban,3,Principal Arterial - Other,1,State Highway Agency,1,This section IS ON the NHS,0,No Special Jurisdiction,5,5,42.741025,42.741025,-84.59228611,-84.59228611,8,Pedestrian,0,The First Harmful Event was Not a Collision with a Motor Vehicle in Transport,0,No,3,Intersection-Related,3,T-Intersection,1,On Roadway,0,None,3,Dark - Lighted,10,Cloudy,0,No,0000000,Not Applicable,99,Unknown,99,Unknown,99,Unknown EMS Scene Arrival Hour,99,Unknown EMS Scene Arrival Minutes,88,Not Applicable (Not Transported),88,Not Applicable (Not Transported),1
26,Michigan,260075,0,0,2,2,0,3,3,163,WAYNE (163),4166,REDFORD TOWNSHIP,1,January,26,26,4,Wednesday,2022,2,2:00am-2:59am,24,24,I-96,NA,1,Interstate,2,Urban,1,Interstate,1,State Highway Agency,1,This section IS ON the NHS,0,No Special Jurisdiction,85,85,42.38505833,42.38505833,-83.2832,-83.2832,12,Motor Vehicle In-Transport,1,Front-to-Rear,0,No,1,Non-Junction,1,Not an Intersection,1,On Roadway,0,None,3,Dark - Lighted,1,Clear,0,No,0000000,Not Applicable,2,2:00am-2:59am,26,26,2,2:00am-2:59am,30,30,99,Unknown,99,Unknown EMS Hospital Arrival Time,1
26,Michigan,260076,0,0,2,2,0,2,2,33,CHIPPEWA (33),0,NOT APPLICABLE,2,February,4,4,6,Friday,2022,11,11:00am-11:59am,0,0,CR-N WEST SHORE DR,NA,4,County Road,1,Rural,5,Major Collector,2,County Highway Agency,0,This section IS NOT on the NHS,0,No Special Jurisdiction,16,16,46.51011667,46.51011667,-84.23871667,-84.23871667,12,Motor Vehicle In-Transport,1,Front-to-Rear,0,No,8,Driveway Access Related,1,Not an Intersection,1,On Roadway,0,None,1,Daylight,1,Clear,0,No,0000000,Not Applicable,11,11:00am-11:59am,1,1,99,Unknown EMS Scene Arrival Hour,99,Unknown EMS Scene Arrival Minutes,99,Unknown,99,Unknown EMS Hospital Arrival Time,1
26,Michigan,260077,0,0,2,2,0,3,3,45,EATON (45),0,NOT APPLICABLE,2,February,20,20,1,Sunday,2022,13,1:00pm-1:59pm,6,6,CR-LANSING RD,PACKARD HWY,4,County Road,2,Urban,4,Minor Arterial,2,County Highway Agency,0,This section IS NOT on the NHS,0,No Special Jurisdiction,20,20,42.58211944,42.58211944,-84.80771944,-84.80771944,12,Motor Vehicle In-Transport,6,Angle,0,No,2,Intersection,2,Four-Way Intersection,1,On Roadway,0,None,1,Daylight,1,Clear,0,No,0000000,Not Applicable,13,1:00pm-1:59pm,8,8,13,1:00pm-1:59pm,11,11,99,Unknown,99,Unknown EMS Hospital Arrival Time,1
26,Michigan,260078,0,0,1,1,0,1,1,65,INGHAM (65),0,NOT APPLICABLE,2,February,22,22,3,Tuesday,2022,5,5:00am-5:59am,35,35,SR-52 PERRY RD,GRAND RIVER AVE,3,State Highway,1,Rural,4,Minor Arterial,1,State Highway Agency,0,This section IS NOT on the NHS,0,No Special Jurisdiction,0,None,42.67609444,42.67609444,-84.21898333,-84.21898333,34,Ditch,0,The First Harmful Event was Not a Collision with a Motor Vehicle in Transport,0,No,3,Intersection-Related,3,T-Intersection,4,On Roadside,0,None,2,Dark - Not Lighted,10,Cloudy,0,No,0000000,Not Applicable,5,5:00am-5:59am,35,35,5,5:00am-5:59am,45,45,88,Not Applicable (Not Transported),88,Not Applicable (Not Transported),1
26,Michigan,260079,0,0,2,2,0,5,5,155,SHIAWASSEE (155),0,NOT APPLICABLE,1,January,29,29,7,Saturday,2022,21,9:00pm-9:59pm,35,35,SR-21,VERNON RD,3,State Highway,1,Rural,4,Minor Arterial,1,State Highway Agency,0,This section IS NOT on the NHS,0,No Special Jurisdiction,172,172,42.99925833,42.99925833,-84.02694167,-84.02694167,12,Motor Vehicle In-Transport,6,Angle,0,No,2,Intersection,2,Four-Way Intersection,1,On Roadway,0,None,2,Dark - Not Lighted,1,Clear,0,No,0000000,Not Applicable,21,9:00pm-9:59pm,35,35,21,9:00pm-9:59pm,45,45,99,Unknown,99,Unknown EMS Hospital Arrival Time,1
26,Michigan,260080,0,0,2,2,0,3,3,81,KENT (81),0,NOT APPLICABLE,2,February,24,24,5,Thursday,2022,22,10:00pm-10:59pm,50,50,CR-LINCOLN LAKE AVE NE,NA,4,County Road,1,Rural,5,Major Collector,2,County Highway Agency,0,This section IS NOT on the NHS,0,No Special Jurisdiction,233,233,43.20315278,43.20315278,-85.35184444,-85.35184444,12,Motor Vehicle In-Transport,2,Front-to-Front,0,No,1,Non-Junction,1,Not an Intersection,1,On Roadway,0,None,2,Dark - Not Lighted,11,Blowing Snow,0,No,0000000,Not Applicable,22,10:00pm-10:59pm,53,53,23,11:00pm-11:59pm,6,6,99,Unknown,99,Unknown EMS Hospital Arrival Time,1
26,Michigan,260081,0,0,2,2,0,4,4,145,SAGINAW (145),0,NOT APPLICABLE,2,February,26,26,7,Saturday,2022,19,7:00pm-7:59pm,30,30,CR-TITTABAWASSEE RD,NA,4,County Road,2,Urban,4,Minor Arterial,2,County Highway Agency,0,This section IS NOT on the NHS,0,No Special Jurisdiction,174,174,43.48075833,43.48075833,-84.02481667,-84.02481667,12,Motor Vehicle In-Transport,2,Front-to-Front,0,No,1,Non-Junction,1,Not an Intersection,1,On Roadway,0,None,2,Dark - Not Lighted,10,Cloudy,0,No,0000000,Not Applicable,99,Unknown,99,Unknown,99,Unknown EMS Scene Arrival Hour,99,Unknown EMS Scene Arrival Minutes,99,Unknown,99,Unknown EMS Hospital Arrival Time,1
26,Michigan,260082,0,0,2,2,0,3,3,9,ANTRIM (9),0,NOT APPLICABLE,1,January,14,14,6,Friday,2022,11,11:00am-11:59am,57,57,CR-MANCELONA RD,NA,4,County Road,1,Rural,4,Minor Arterial,2,County Highway Agency,0,This section IS NOT on the NHS,0,No Special Jurisdiction,18,18,44.90246944,44.90246944,-85.02530833,-85.02530833,12,Motor Vehicle In-Transport,6,Angle,0,No,1,Non-Junction,1,Not an Intersection,1,On Roadway,0,None,1,Daylight,2,Rain,0,No,0000000,Not Applicable,99,Unknown,99,Unknown,99,Unknown EMS Scene Arrival Hour,99,Unknown EMS Scene Arrival Minutes,99,Unknown,99,Unknown EMS Hospital Arrival Time,1
26,Michigan,260083,0,0,1,1,0,1,1,163,WAYNE (163),1260,DETROIT,1,January,23,23,1,Sunday,2022,16,4:00pm-4:59pm,15,15,I-96 LOCAL,NA,1,Interstate,1,Rural,1,Interstate,1,State Highway Agency,1,This section IS ON the NHS,0,No Special Jurisdiction,1,1,42.38588333,42.38588333,-83.24645278,-83.24645278,21,Bridge Pier or Support,0,The First Harmful Event was Not a Collision with a Motor Vehicle in Transport,0,No,1,Non-Junction,1,Not an Intersection,4,On Roadside,0,None,1,Daylight,4,Snow,0,No,0000000,Not Applicable,99,Unknown,99,Unknown,99,Unknown EMS Scene Arrival Hour,99,Unknown EMS Scene Arrival Minutes,99,Unknown,99,Unknown EMS Hospital Arrival Time,1
26,Michigan,260084,0,0,2,2,0,2,2,97,MACKINAC (97),0,NOT APPLICABLE,2,February,24,24,5,Thursday,2022,13,1:00pm-1:59pm,40,40,CR-SCHOOLHOUSE RD,NA,4,County Road,6,Trafficway Not in State Inventory,96,Trafficway Not in State Inventory,96,Trafficway Not in State Inventory,0,This section IS NOT on the NHS,0,No Special Jurisdiction,36,36,46.06666389,46.06666389,-85.02178889,-85.02178889,12,Motor Vehicle In-Transport,8,Sideswipe - Opposite Direction,0,No,1,Non-Junction,1,Not an Intersection,1,On Roadway,0,None,1,Daylight,4,Snow,0,No,0000000,Not Applicable,13,1:00pm-1:59pm,44,44,99,Unknown EMS Scene Arrival Hour,99,Unknown EMS Scene Arrival Minutes,88,Not Applicable (Not Transported),88,Not Applicable (Not Transported),1
26,Michigan,260085,0,0,1,1,0,2,2,163,WAYNE (163),1210,DEARBORN,1,January,23,23,1,Sunday,2022,1,1:00am-1:59am,28,28,US-12 RAMP 250B MICHIGAN AVE,NA,7,Local Street - Frontage Road,2,Urban,3,Principal Arterial - Other,4,City or Municipal Highway Agency,1,This section IS ON the NHS,0,No Special Jurisdiction,2,2,42.31611111,42.31611111,-83.19434722,-83.19434722,40,Fire Hydrant,0,The First Harmful Event was Not a Collision with a Motor Vehicle in Transport,0,No,1,Non-Junction,1,Not an Intersection,4,On Roadside,0,None,3,Dark - Lighted,10,Cloudy,0,No,0000000,Not Applicable,99,Unknown,99,Unknown,99,Unknown EMS Scene Arrival Hour,99,Unknown EMS Scene Arrival Minutes,99,Unknown,99,Unknown EMS Hospital Arrival Time,1
26,Michigan,260086,0,0,1,1,0,1,1,1,ALCONA (1),0,NOT APPLICABLE,1,January,14,14,6,Friday,2022,19,7:00pm-7:59pm,50,50,CR-POORFARM RD,NA,4,County Road,1,Rural,6,Minor Collector,2,County Highway Agency,0,This section IS NOT on the NHS,0,No Special Jurisdiction,87,87,44.71800278,44.71800278,-83.34271944,-83.34271944,1,Rollover/Overturn,0,The First Harmful Event was Not a Collision with a Motor Vehicle in Transport,0,No,1,Non-Junction,1,Not an Intersection,4,On Roadside,0,None,2,Dark - Not Lighted,1,Clear,0,No,0000000,Not Applicable,99,Unknown,98,Unknown if Notified,99,Unknown EMS Scene Arrival Hour,98,Unknown if Arrived,88,Not Applicable (Not Transported),88,Not Applicable (Not Transported),1
26,Michigan,260087,1,1,1,1,0,1,1,21,BERRIEN (21),450,BERRIEN SPRINGS,1,January,30,30,1,Sunday,2022,9,9:00am-9:59am,2,2,MAIN ST,NA,6,Local Street - Municipality,2,Urban,7,Local,4,City or Municipal Highway Agency,0,This section IS NOT on the NHS,0,No Special Jurisdiction,3,3,41.95275833,41.95275833,-86.34354444,-86.34354444,8,Pedestrian,0,The First Harmful Event was Not a Collision with a Motor Vehicle in Transport,0,No,1,Non-Junction,1,Not an Intersection,1,On Roadway,0,None,1,Daylight,1,Clear,0,No,0000000,Not Applicable,99,Unknown,99,Unknown,99,Unknown EMS Scene Arrival Hour,99,Unknown EMS Scene Arrival Minutes,99,Unknown,99,Unknown EMS Hospital Arrival Time,1
26,Michigan,260088,0,0,3,3,0,5,5,117,MONTCALM (117),0,NOT APPLICABLE,2,February,20,20,1,Sunday,2022,13,1:00pm-1:59pm,35,35,SR-46 E HOWARD CITY EDMORE RD,N WEST COUNTY LINE RD,3,State Highway,1,Rural,3,Principal Arterial - Other,1,State Highway Agency,1,This section IS ON the NHS,0,No Special Jurisdiction,324,324,43.40822778,43.40822778,-84.84546111,-84.84546111,12,Motor Vehicle In-Transport,1,Front-to-Rear,0,No,3,Intersection-Related,2,Four-Way Intersection,1,On Roadway,0,None,1,Daylight,1,Clear,0,No,0000000,Not Applicable,13,1:00pm-1:59pm,29,29,13,1:00pm-1:59pm,30,30,99,Unknown,99,Unknown EMS Hospital Arrival Time,1
26,Michigan,260089,0,0,1,1,0,1,1,15,BARRY (15),2220,HASTINGS,2,February,1,1,3,Tuesday,2022,21,9:00pm-9:59pm,13,13,SR-43 BROADWAY ST,NA,3,State Highway,2,Urban,4,Minor Arterial,1,State Highway Agency,0,This section IS NOT on the NHS,0,No Special Jurisdiction,15,15,42.66509444,42.66509444,-85.29065278,-85.29065278,53,Mail Box,0,The First Harmful Event was Not a Collision with a Motor Vehicle in Transport,0,No,1,Non-Junction,1,Not an Intersection,4,On Roadside,0,None,1,Daylight,2,Rain,0,No,0000000,Not Applicable,21,9:00pm-9:59pm,14,14,21,9:00pm-9:59pm,27,27,88,Not Applicable (Not Transported),88,Not Applicable (Not Transported),1
26,Michigan,260090,0,0,1,1,0,1,1,81,KENT (81),0,NOT APPLICABLE,2,February,3,3,5,Thursday,2022,2,2:00am-2:59am,44,44,CR-COLDWATER AVE,NA,4,County Road,1,Rural,7,Local,2,County Highway Agency,0,This section IS NOT on the NHS,0,No Special Jurisdiction,8,8,42.77988056,42.77988056,-85.39316389,-85.39316389,42,Tree (Standing Only),0,The First Harmful Event was Not a Collision with a Motor Vehicle in Transport,0,No,1,Non-Junction,1,Not an Intersection,4,On Roadside,0,None,2,Dark - Not Lighted,1,Clear,0,No,0000000,Not Applicable,2,2:00am-2:59am,44,44,3,3:00am-3:59am,0,0,88,Not Applicable (Not Transported),88,Not Applicable (Not Transported),1
26,Michigan,260091,0,0,2,2,0,2,2,163,WAYNE (163),4295,ROMULUS,2,February,4,4,6,Friday,2022,23,11:00pm-11:59pm,55,55,I-275,NA,1,Interstate,2,Urban,1,Interstate,1,State Highway Agency,1,This section IS ON the NHS,0,No Special Jurisdiction,74,74,42.20143333,42.20143333,-83.38916944,-83.38916944,12,Motor Vehicle In-Transport,2,Front-to-Front,0,No,1,Non-Junction,1,Not an Intersection,1,On Roadway,0,None,2,Dark - Not Lighted,4,Snow,0,No,0000000,Not Applicable,0,0:00am-0:59am,0,0,0,0:00am-0:59am,10,10,88,Not Applicable (Not Transported),88,Not Applicable (Not Transported),2
26,Michigan,260092,0,0,2,2,0,3,3,99,MACOMB (99),5110,WARREN,2,February,19,19,7,Saturday,2022,22,10:00pm-10:59pm,45,45,SR-102 8 MILE RD,SCHOENHERR RD,3,State Highway,2,Urban,3,Principal Arterial - Other,1,State Highway Agency,1,This section IS ON the NHS,0,No Special Jurisdiction,50,50,42.44960278,42.44960278,-82.98573889,-82.98573889,12,Motor Vehicle In-Transport,6,Angle,0,No,2,Intersection,2,Four-Way Intersection,1,On Roadway,0,None,3,Dark - Lighted,1,Clear,0,No,0000000,Not Applicable,99,Unknown,99,Unknown,99,Unknown EMS Scene Arrival Hour,99,Unknown EMS Scene Arrival Minutes,99,Unknown,99,Unknown EMS Hospital Arrival Time,1
26,Michigan,260093,0,0,2,2,0,2,2,99,MACOMB (99),4330,ROSEVILLE,2,February,6,6,1,Sunday,2022,22,10:00pm-10:59pm,1,1,SR-3 GRATIOT AVE,14 MILE RD,3,State Highway,2,Urban,3,Principal Arterial - Other,1,State Highway Agency,1,This section IS ON the NHS,0,No Special Jurisdiction,68,68,42.53956389,42.53956389,-82.90884722,-82.90884722,12,Motor Vehicle In-Transport,1,Front-to-Rear,0,No,3,Intersection-Related,2,Four-Way Intersection,1,On Roadway,0,None,3,Dark - Lighted,1,Clear,0,No,0000000,Not Applicable,22,10:00pm-10:59pm,1,1,22,10:00pm-10:59pm,10,10,88,Not Applicable (Not Transported),88,Not Applicable (Not Transported),1
26,Michigan,260094,0,0,2,2,0,3,3,139,OTTAWA (139),0,NOT APPLICABLE,2,February,7,7,2,Monday,2022,19,7:00pm-7:59pm,30,30,US-31,NA,2,US Highway,2,Urban,3,Principal Arterial - Other,1,State Highway Agency,1,This section IS ON the NHS,0,No Special Jurisdiction,35,35,42.81729444,42.81729444,-86.09061389,-86.09061389,12,Motor Vehicle In-Transport,1,Front-to-Rear,0,No,7,Crossover-Related,1,Not an Intersection,1,On Roadway,0,None,3,Dark - Lighted,10,Cloudy,0,No,0000000,Not Applicable,19,7:00pm-7:59pm,30,30,19,7:00pm-7:59pm,34,34,99,Unknown,99,Unknown EMS Hospital Arrival Time,1
26,Michigan,260095,1,1,2,2,0,1,1,163,WAYNE (163),1212,DEARBORN HEIGHTS,2,February,7,7,2,Monday,2022,19,7:00pm-7:59pm,19,19,CR-N INKSTER RD,NA,4,County Road,2,Urban,3,Principal Arterial - Other,2,County Highway Agency,1,This section IS ON the NHS,0,No Special Jurisdiction,167,167,42.34937778,42.34937778,-83.31252778,-83.31252778,8,Pedestrian,0,The First Harmful Event was Not a Collision with a Motor Vehicle in Transport,0,No,1,Non-Junction,1,Not an Intersection,1,On Roadway,0,None,3,Dark - Lighted,1,Clear,0,No,0000000,Not Applicable,99,Unknown,99,Unknown,99,Unknown EMS Scene Arrival Hour,99,Unknown EMS Scene Arrival Minutes,99,Unknown,99,Unknown EMS Hospital Arrival Time,1
26,Michigan,260096,1,1,1,1,0,1,1,49,GENESEE (49),1730,FLINT,2,February,8,8,3,Tuesday,2022,0,0:00am-0:59am,25,25,ML KING AVE,NA,6,Local Street - Municipality,2,Urban,4,Minor Arterial,4,City or Municipal Highway Agency,0,This section IS NOT on the NHS,0,No Special Jurisdiction,14,14,43.03732222,43.03732222,-83.70447778,-83.70447778,8,Pedestrian,0,The First Harmful Event was Not a Collision with a Motor Vehicle in Transport,0,No,1,Non-Junction,1,Not an Intersection,1,On Roadway,0,None,3,Dark - Lighted,4,Snow,0,No,0000000,Not Applicable,0,0:00am-0:59am,25,25,0,0:00am-0:59am,28,28,88,Not Applicable (Not Transported),88,Not Applicable (Not Transported),1
26,Michigan,260097,0,0,2,2,0,5,5,163,WAYNE (163),2260,HIGHLAND PARK,1,January,8,8,7,Saturday,2022,23,11:00pm-11:59pm,17,17,SR-8,NA,3,State Highway,2,Urban,2,Principal Arterial - Other Freeways and Expressways,1,State Highway Agency,1,This section IS ON the NHS,0,No Special Jurisdiction,13,13,42.40546111,42.40546111,-83.0905,-83.0905,12,Motor Vehicle In-Transport,9,Rear-to-Side,0,No,1,Non-Junction,1,Not an Intersection,1,On Roadway,0,None,3,Dark - Lighted,2,Rain,0,No,0000000,Not Applicable,22,10:00pm-10:59pm,55,55,23,11:00pm-11:59pm,10,10,99,Unknown,99,Unknown EMS Hospital Arrival Time,1
26,Michigan,260098,1,1,1,1,0,1,1,99,MACOMB (99),4731,STERLING HEIGHTS,2,February,10,10,5,Thursday,2022,4,4:00am-4:59am,17,17,CR-MOUND RD,NA,4,County Road,2,Urban,3,Principal Arterial - Other,2,County Highway Agency,1,This section IS ON the NHS,0,No Special Jurisdiction,34,34,42.58425556,42.58425556,-83.05035556,-83.05035556,8,Pedestrian,0,The First Harmful Event was Not a Collision with a Motor Vehicle in Transport,0,No,1,Non-Junction,1,Not an Intersection,1,On Roadway,0,None,3,Dark - Lighted,4,Snow,0,No,0000000,Not Applicable,4,4:00am-4:59am,18,18,4,4:00am-4:59am,24,24,88,Not Applicable (Not Transported),88,Not Applicable (Not Transported),1
26,Michigan,260099,0,0,1,1,0,1,1,125,OAKLAND (125),3260,MILFORD,2,February,9,9,4,Wednesday,2022,11,11:00am-11:59am,14,14,OLD PLANK RD,NA,6,Local Street - Municipality,2,Urban,7,Local,4,City or Municipal Highway Agency,0,This section IS NOT on the NHS,0,No Special Jurisdiction,54,54,42.57924167,42.57924167,-83.58951667,-83.58951667,10,Railway Vehicle,0,The First Harmful Event was Not a Collision with a Motor Vehicle in Transport,0,No,6,Railway Grade Crossing,1,Not an Intersection,1,On Roadway,0,None,1,Daylight,1,Clear,0,No,232262X,232262X,99,Unknown,99,Unknown,99,Unknown EMS Scene Arrival Hour,99,Unknown EMS Scene Arrival Minutes,99,Unknown,99,Unknown EMS Hospital Arrival Time,1
26,Michigan,260101,0,0,2,2,0,2,2,161,WASHTENAW (161),0,NOT APPLICABLE,2,February,11,11,6,Friday,2022,11,11:00am-11:59am,37,37,US-12 MICHIGAN AVE,NA,2,US Highway,2,Urban,3,Principal Arterial - Other,1,State Highway Agency,1,This section IS ON the NHS,0,No Special Jurisdiction,34,34,42.24580278,42.24580278,-83.58163056,-83.58163056,12,Motor Vehicle In-Transport,6,Angle,0,No,8,Driveway Access Related,1,Not an Intersection,1,On Roadway,0,None,1,Daylight,2,Rain,0,No,0000000,Not Applicable,11,11:00am-11:59am,37,37,11,11:00am-11:59am,47,47,99,Unknown,99,Unknown EMS Hospital Arrival Time,1
26,Michigan,260102,1,1,1,1,0,1,1,115,MONROE (115),0,NOT APPLICABLE,1,January,13,13,5,Thursday,2022,19,7:00pm-7:59pm,24,24,CR-LAPLAISANCE RD,NA,4,County Road,2,Urban,4,Minor Arterial,2,County Highway Agency,0,This section IS NOT on the NHS,0,No Special Jurisdiction,23,23,41.88243889,41.88243889,-83.39509167,-83.39509167,8,Pedestrian,0,The First Harmful Event was Not a Collision with a Motor Vehicle in Transport,0,No,1,Non-Junction,1,Not an Intersection,1,On Roadway,0,None,3,Dark - Lighted,1,Clear,0,No,0000000,Not Applicable,19,7:00pm-7:59pm,29,29,19,7:00pm-7:59pm,35,35,99,Unknown,99,Unknown EMS Hospital Arrival Time,1
26,Michigan,260103,0,0,2,2,0,4,4,97,MACKINAC (97),0,NOT APPLICABLE,2,February,12,12,7,Saturday,2022,12,12:00pm-12:59pm,0,0,CR-MANISTIQUE LAKES RD,NA,4,County Road,1,Rural,5,Major Collector,2,County Highway Agency,0,This section IS NOT on the NHS,0,No Special Jurisdiction,14,14,46.21667222,46.21667222,-85.72347778,-85.72347778,12,Motor Vehicle In-Transport,2,Front-to-Front,0,No,1,Non-Junction,1,Not an Intersection,1,On Roadway,0,None,1,Daylight,1,Clear,0,No,0000000,Not Applicable,12,12:00pm-12:59pm,5,5,12,12:00pm-12:59pm,18,18,99,Unknown,99,Unknown EMS Hospital Arrival Time,1
26,Michigan,260104,0,0,2,2,0,3,3,99,MACOMB (99),4380,ST. CLAIR SHORES,2,February,13,13,1,Sunday,2022,23,11:00pm-11:59pm,31,31,CR-10 MILE RD,I-94 RAMP 002D,4,County Road,2,Urban,4,Minor Arterial,2,County Highway Agency,0,This section IS NOT on the NHS,0,No Special Jurisdiction,85,85,42.48040278,42.48040278,-82.91685833,-82.91685833,23,Bridge Rail (Includes parapet),0,The First Harmful Event was Not a Collision with a Motor Vehicle in Transport,0,No,3,Intersection-Related,2,Four-Way Intersection,4,On Roadside,0,None,3,Dark - Lighted,1,Clear,0,No,0000000,Not Applicable,23,11:00pm-11:59pm,31,31,23,11:00pm-11:59pm,37,37,99,Unknown,99,Unknown EMS Hospital Arrival Time,2
26,Michigan,260106,0,0,2,2,0,3,3,157,TUSCOLA (157),0,NOT APPLICABLE,2,February,24,24,5,Thursday,2022,16,4:00pm-4:59pm,26,26,SR-46 W SANILAC RD,S KIRK RD,3,State Highway,1,Rural,3,Principal Arterial - Other,1,State Highway Agency,1,This section IS ON the NHS,0,No Special Jurisdiction,69,69,43.40819444,43.40819444,-83.56136389,-83.56136389,12,Motor Vehicle In-Transport,6,Angle,0,No,2,Intersection,2,Four-Way Intersection,1,On Roadway,0,None,1,Daylight,1,Clear,0,No,0000000,Not Applicable,16,4:00pm-4:59pm,27,27,16,4:00pm-4:59pm,34,34,88,Not Applicable (Not Transported),88,Not Applicable (Not Transported),2
26,Michigan,260107,1,1,1,1,0,1,1,163,WAYNE (163),1933,GIBRALTAR,2,February,19,19,7,Saturday,2022,20,8:00pm-8:59pm,16,16,CR-W JEFFERSON AVE,NA,4,County Road,2,Urban,4,Minor Arterial,2,County Highway Agency,0,This section IS NOT on the NHS,0,No Special Jurisdiction,36,36,42.09158056,42.09158056,-83.20509167,-83.20509167,8,Pedestrian,0,The First Harmful Event was Not a Collision with a Motor Vehicle in Transport,0,No,1,Non-Junction,1,Not an Intersection,1,On Roadway,0,None,2,Dark - Not Lighted,1,Clear,0,No,0000000,Not Applicable,99,Unknown,99,Unknown,99,Unknown EMS Scene Arrival Hour,99,Unknown EMS Scene Arrival Minutes,99,Unknown,99,Unknown EMS Hospital Arrival Time,1
26,Michigan,260108,1,1,1,1,0,1,1,21,BERRIEN (21),0,NOT APPLICABLE,2,February,20,20,1,Sunday,2022,4,4:00am-4:59am,42,42,CR-S 3RD ST,NA,4,County Road,2,Urban,4,Minor Arterial,2,County Highway Agency,0,This section IS NOT on the NHS,0,No Special Jurisdiction,4,4,41.76687778,41.76687778,-86.25503611,-86.25503611,8,Pedestrian,0,The First Harmful Event was Not a Collision with a Motor Vehicle in Transport,0,No,1,Non-Junction,1,Not an Intersection,1,On Roadway,0,None,2,Dark - Not Lighted,1,Clear,0,No,0000000,Not Applicable,4,4:00am-4:59am,46,46,4,4:00am-4:59am,57,57,99,Unknown,99,Unknown EMS Hospital Arrival Time,1
26,Michigan,260109,1,1,1,1,0,1,1,77,KALAMAZOO (77),0,NOT APPLICABLE,2,February,27,27,1,Sunday,2022,22,10:00pm-10:59pm,0,0,CR-W MOSEL AVE,NA,4,County Road,2,Urban,4,Minor Arterial,2,County Highway Agency,0,This section IS NOT on the NHS,0,No Special Jurisdiction,13,13,42.31800833,42.31800833,-85.60267778,-85.60267778,8,Pedestrian,0,The First Harmful Event was Not a Collision with a Motor Vehicle in Transport,0,No,1,Non-Junction,1,Not an Intersection,1,On Roadway,0,None,2,Dark - Not Lighted,1,Clear,0,No,0000000,Not Applicable,99,Unknown,99,Unknown,99,Unknown EMS Scene Arrival Hour,99,Unknown EMS Scene Arrival Minutes,99,Unknown,99,Unknown EMS Hospital Arrival Time,1
26,Michigan,260110,0,0,2,2,0,2,2,163,WAYNE (163),1212,DEARBORN HEIGHTS,2,February,22,22,3,Tuesday,2022,21,9:00pm-9:59pm,28,28,CR-VAN BORN,JOHN DALY RD,4,County Road,2,Urban,3,Principal Arterial - Other,2,County Highway Agency,1,This section IS ON the NHS,0,No Special Jurisdiction,65,65,42.26853333,42.26853333,-83.29921111,-83.29921111,12,Motor Vehicle In-Transport,6,Angle,0,No,2,Intersection,2,Four-Way Intersection,1,On Roadway,0,None,3,Dark - Lighted,1,Clear,0,No,0000000,Not Applicable,99,Unknown,99,Unknown,99,Unknown EMS Scene Arrival Hour,99,Unknown EMS Scene Arrival Minutes,99,Unknown,99,Unknown EMS Hospital Arrival Time,1
26,Michigan,260111,0,0,1,1,0,4,4,139,OTTAWA (139),0,NOT APPLICABLE,2,February,17,17,5,Thursday,2022,11,11:00am-11:59am,4,4,CR-JAMES ST,NA,4,County Road,2,Urban,4,Minor Arterial,2,County Highway Agency,0,This section IS NOT on the NHS,0,No Special Jurisdiction,73,73,42.81210833,42.81210833,-86.06347778,-86.06347778,1,Rollover/Overturn,0,The First Harmful Event was Not a Collision with a Motor Vehicle in Transport,0,No,1,Non-Junction,1,Not an Intersection,4,On Roadside,0,None,1,Daylight,10,Cloudy,0,No,0000000,Not Applicable,11,11:00am-11:59am,4,4,11,11:00am-11:59am,7,7,99,Unknown,99,Unknown EMS Hospital Arrival Time,3
26,Michigan,260112,1,1,1,1,0,1,1,81,KENT (81),5319,WYOMING,2,February,25,25,6,Friday,2022,20,8:00pm-8:59pm,19,19,32ND ST,BADGER AVE,6,Local Street - Municipality,2,Urban,4,Minor Arterial,4,City or Municipal Highway Agency,0,This section IS NOT on the NHS,0,No Special Jurisdiction,6,6,42.90603056,42.90603056,-85.6833,-85.6833,8,Pedestrian,0,The First Harmful Event was Not a Collision with a Motor Vehicle in Transport,0,No,3,Intersection-Related,3,T-Intersection,1,On Roadway,0,None,3,Dark - Lighted,1,Clear,0,No,0000000,Not Applicable,99,Unknown,99,Unknown,99,Unknown EMS Scene Arrival Hour,99,Unknown EMS Scene Arrival Minutes,88,Not Applicable (Not Transported),88,Not Applicable (Not Transported),1
26,Michigan,260113,0,0,1,1,0,1,1,139,OTTAWA (139),0,NOT APPLICABLE,2,February,19,19,7,Saturday,2022,20,8:00pm-8:59pm,21,21,CR-FILLMORE ST,NA,4,County Road,2,Urban,5,Major Collector,2,County Highway Agency,0,This section IS NOT on the NHS,0,No Special Jurisdiction,154,154,42.94337778,42.94337778,-85.90816667,-85.90816667,43,Other Fixed Object,0,The First Harmful Event was Not a Collision with a Motor Vehicle in Transport,0,No,1,Non-Junction,1,Not an Intersection,4,On Roadside,0,None,2,Dark - Not Lighted,4,Snow,0,No,0000000,Not Applicable,20,8:00pm-8:59pm,21,21,20,8:00pm-8:59pm,26,26,99,Unknown,99,Unknown EMS Hospital Arrival Time,1
26,Michigan,260114,0,0,1,1,0,1,1,147,ST. CLAIR (147),0,NOT APPLICABLE,2,February,23,23,4,Wednesday,2022,9,9:00am-9:59am,32,32,CR-LAPEER RD,NA,4,County Road,1,Rural,5,Major Collector,2,County Highway Agency,0,This section IS NOT on the NHS,0,No Special Jurisdiction,119,119,42.99270278,42.99270278,-82.57200833,-82.57200833,42,Tree (Standing Only),0,The First Harmful Event was Not a Collision with a Motor Vehicle in Transport,0,No,1,Non-Junction,1,Not an Intersection,4,On Roadside,0,None,1,Daylight,10,Cloudy,0,No,0000000,Not Applicable,9,9:00am-9:59am,32,32,9,9:00am-9:59am,37,37,99,Unknown,99,Unknown EMS Hospital Arrival Time,1
26,Michigan,260115,0,0,1,1,0,2,2,125,OAKLAND (125),2230,HAZEL PARK,2,February,10,10,5,Thursday,2022,21,9:00pm-9:59pm,29,29,I-75,NA,1,Interstate,2,Urban,1,Interstate,1,State Highway Agency,1,This section IS ON the NHS,0,No Special Jurisdiction,6,6,42.45630833,42.45630833,-83.09683889,-83.09683889,1,Rollover/Overturn,0,The First Harmful Event was Not a Collision with a Motor Vehicle in Transport,0,No,1,Non-Junction,1,Not an Intersection,1,On Roadway,0,None,3,Dark - Lighted,10,Cloudy,0,No,0000000,Not Applicable,99,Unknown,99,Unknown,99,Unknown EMS Scene Arrival Hour,99,Unknown EMS Scene Arrival Minutes,88,Not Applicable (Not Transported),88,Not Applicable (Not Transported),2
26,Michigan,260116,0,0,1,1,0,1,1,65,INGHAM (65),2700,LANSING,2,February,27,27,1,Sunday,2022,2,2:00am-2:59am,42,42,SR-43 GRAND RIVER AVE,NA,3,State Highway,2,Urban,3,Principal Arterial - Other,1,State Highway Agency,1,This section IS ON the NHS,0,No Special Jurisdiction,23,23,42.74335833,42.74335833,-84.51495833,-84.51495833,30,Utility Pole/Light Support,0,The First Harmful Event was Not a Collision with a Motor Vehicle in Transport,0,No,1,Non-Junction,1,Not an Intersection,4,On Roadside,0,None,3,Dark - Lighted,1,Clear,0,No,0000000,Not Applicable,2,2:00am-2:59am,42,42,2,2:00am-2:59am,50,50,99,Unknown,99,Unknown EMS Hospital Arrival Time,1
26,Michigan,260117,0,0,1,1,0,1,1,27,CASS (27),0,NOT APPLICABLE,2,February,27,27,1,Sunday,2022,16,4:00pm-4:59pm,40,40,CR-CALVIN HILL ST,NA,4,County Road,1,Rural,5,Major Collector,2,County Highway Agency,0,This section IS NOT on the NHS,0,No Special Jurisdiction,0,None,41.83248611,41.83248611,-85.99036111,-85.99036111,35,Embankment,0,The First Harmful Event was Not a Collision with a Motor Vehicle in Transport,0,No,1,Non-Junction,1,Not an Intersection,4,On Roadside,0,None,1,Daylight,1,Clear,0,No,0000000,Not Applicable,99,Unknown,99,Unknown,99,Unknown EMS Scene Arrival Hour,99,Unknown EMS Scene Arrival Minutes,88,Not Applicable (Not Transported),88,Not Applicable (Not Transported),1
26,Michigan,260118,0,0,1,1,0,1,1,99,MACOMB (99),1009,CLINTON TOWNSHIP,2,February,22,22,3,Tuesday,2022,11,11:00am-11:59am,34,34,SR-3 GRATIOT AVE,NA,3,State Highway,2,Urban,3,Principal Arterial - Other,1,State Highway Agency,1,This section IS ON the NHS,0,No Special Jurisdiction,74,74,42.54704167,42.54704167,-82.90412222,-82.90412222,42,Tree (Standing Only),0,The First Harmful Event was Not a Collision with a Motor Vehicle in Transport,0,No,1,Non-Junction,1,Not an Intersection,3,On Median,0,None,1,Daylight,2,Rain,0,No,0000000,Not Applicable,11,11:00am-11:59am,35,35,11,11:00am-11:59am,38,38,99,Unknown,99,Unknown EMS Hospital Arrival Time,1
26,Michigan,260119,0,0,2,2,0,2,2,17,BAY (17),0,NOT APPLICABLE,2,February,27,27,1,Sunday,2022,2,2:00am-2:59am,10,10,CR-PINCONNING RD,NA,4,County Road,1,Rural,5,Major Collector,2,County Highway Agency,0,This section IS NOT on the NHS,0,No Special Jurisdiction,74,74,43.85397778,43.85397778,-84.01716944,-84.01716944,12,Motor Vehicle In-Transport,2,Front-to-Front,0,No,1,Non-Junction,1,Not an Intersection,1,On Roadway,0,None,2,Dark - Not Lighted,1,Clear,0,No,0000000,Not Applicable,2,2:00am-2:59am,18,18,2,2:00am-2:59am,28,28,99,Unknown,99,Unknown EMS Hospital Arrival Time,1
26,Michigan,260120,0,0,2,2,0,5,5,121,MUSKEGON (121),0,NOT APPLICABLE,2,February,16,16,4,Wednesday,2022,12,12:00pm-12:59pm,25,25,SR-46 APPLE AVE,CARR RD,3,State Highway,2,Urban,4,Minor Arterial,1,State Highway Agency,0,This section IS NOT on the NHS,0,No Special Jurisdiction,61,61,43.23483611,43.23483611,-86.12713056,-86.12713056,12,Motor Vehicle In-Transport,6,Angle,0,No,2,Intersection,2,Four-Way Intersection,1,On Roadway,0,None,1,Daylight,10,Cloudy,0,No,0000000,Not Applicable,99,Unknown,99,Unknown,99,Unknown EMS Scene Arrival Hour,99,Unknown EMS Scene Arrival Minutes,99,Unknown,99,Unknown EMS Hospital Arrival Time,1
26,Michigan,260121,0,0,2,2,0,4,4,75,JACKSON (75),0,NOT APPLICABLE,3,March,4,4,6,Friday,2022,12,12:00pm-12:59pm,56,56,CR-MOSCOW RD,NA,4,County Road,1,Rural,4,Minor Arterial,2,County Highway Agency,0,This section IS NOT on the NHS,0,No Special Jurisdiction,38,38,42.12797778,42.12797778,-84.51793056,-84.51793056,12,Motor Vehicle In-Transport,2,Front-to-Front,0,No,1,Non-Junction,1,Not an Intersection,2,On Shoulder,0,None,1,Daylight,1,Clear,0,No,0000000,Not Applicable,12,12:00pm-12:59pm,56,56,12,12:00pm-12:59pm,57,57,99,Unknown,99,Unknown EMS Hospital Arrival Time,1
26,Michigan,260122,1,1,2,2,0,2,2,163,WAYNE (163),1260,DETROIT,3,March,3,3,5,Thursday,2022,18,6:00pm-6:59pm,33,33,SR-96 GRAND RIVER AVE,NA,3,State Highway,2,Urban,3,Principal Arterial - Other,1,State Highway Agency,1,This section IS ON the NHS,0,No Special Jurisdiction,105,105,42.34668056,42.34668056,-83.08430278,-83.08430278,8,Pedestrian,0,The First Harmful Event was Not a Collision with a Motor Vehicle in Transport,0,No,1,Non-Junction,1,Not an Intersection,1,On Roadway,0,None,5,Dusk,1,Clear,0,No,0000000,Not Applicable,99,Unknown,99,Unknown,99,Unknown EMS Scene Arrival Hour,99,Unknown EMS Scene Arrival Minutes,99,Unknown,99,Unknown EMS Hospital Arrival Time,1
26,Michigan,260123,1,1,1,1,0,1,1,45,EATON (45),0,NOT APPLICABLE,3,March,4,4,6,Friday,2022,21,9:00pm-9:59pm,43,43,SR-99 S MICHIGAN RD,NA,3,State Highway,1,Rural,4,Minor Arterial,1,State Highway Agency,0,This section IS NOT on the NHS,0,No Special Jurisdiction,111,111,42.5723,42.5723,-84.62182222,-84.62182222,8,Pedestrian,0,The First Harmful Event was Not a Collision with a Motor Vehicle in Transport,0,No,1,Non-Junction,1,Not an Intersection,1,On Roadway,0,None,2,Dark - Not Lighted,1,Clear,0,No,0000000,Not Applicable,99,Unknown,99,Unknown,99,Unknown EMS Scene Arrival Hour,99,Unknown EMS Scene Arrival Minutes,88,Not Applicable (Not Transported),88,Not Applicable (Not Transported),1
26,Michigan,260124,0,0,4,4,0,5,5,137,OTSEGO (137),0,NOT APPLICABLE,2,February,12,12,7,Saturday,2022,16,4:00pm-4:59pm,7,7,SR-32,NA,3,State Highway,1,Rural,3,Principal Arterial - Other,1,State Highway Agency,1,This section IS ON the NHS,0,No Special Jurisdiction,70,70,45.02779167,45.02779167,-84.75963889,-84.75963889,12,Motor Vehicle In-Transport,2,Front-to-Front,0,No,1,Non-Junction,1,Not an Intersection,1,On Roadway,0,None,1,Daylight,1,Clear,0,No,0000000,Not Applicable,16,4:00pm-4:59pm,9,9,16,4:00pm-4:59pm,14,14,99,Unknown,99,Unknown EMS Hospital Arrival Time,1
26,Michigan,260125,0,0,2,2,0,5,5,99,MACOMB (99),850,CENTER LINE,3,March,6,6,1,Sunday,2022,0,0:00am-0:59am,42,42,SR-53 VAN DYKE AVE,STEPHENS RD,3,State Highway,2,Urban,3,Principal Arterial - Other,1,State Highway Agency,1,This section IS ON the NHS,0,No Special Jurisdiction,15,15,42.470225,42.470225,-83.02694167,-83.02694167,12,Motor Vehicle In-Transport,6,Angle,0,No,2,Intersection,2,Four-Way Intersection,1,On Roadway,0,None,3,Dark - Lighted,1,Clear,0,No,0000000,Not Applicable,0,0:00am-0:59am,46,46,0,0:00am-0:59am,55,55,99,Unknown,99,Unknown EMS Hospital Arrival Time,1
26,Michigan,260126,0,1,4,3,1,5,4,163,WAYNE (163),1260,DETROIT,2,February,25,25,6,Friday,2022,21,9:00pm-9:59pm,11,11,WARREN AVE,DICKERSON ST,6,Local Street - Municipality,2,Urban,3,Principal Arterial - Other,4,City or Municipal Highway Agency,1,This section IS ON the NHS,0,No Special Jurisdiction,63,63,42.39254444,42.39254444,-82.96709722,-82.96709722,12,Motor Vehicle In-Transport,6,Angle,0,No,2,Intersection,2,Four-Way Intersection,1,On Roadway,0,None,3,Dark - Lighted,10,Cloudy,0,No,0000000,Not Applicable,99,Unknown,99,Unknown,99,Unknown EMS Scene Arrival Hour,99,Unknown EMS Scene Arrival Minutes,99,Unknown,99,Unknown EMS Hospital Arrival Time,1
26,Michigan,260127,0,0,3,3,0,4,4,147,ST. CLAIR (147),0,NOT APPLICABLE,1,January,6,6,5,Thursday,2022,10,10:00am-10:59am,0,0,SR-25 LAKESHORE RD,NA,3,State Highway,2,Urban,3,Principal Arterial - Other,1,State Highway Agency,1,This section IS ON the NHS,0,No Special Jurisdiction,77,77,43.10104722,43.10104722,-82.48614722,-82.48614722,12,Motor Vehicle In-Transport,1,Front-to-Rear,0,No,8,Driveway Access Related,1,Not an Intersection,1,On Roadway,0,None,1,Daylight,4,Snow,0,No,0000000,Not Applicable,10,10:00am-10:59am,7,7,10,10:00am-10:59am,14,14,99,Unknown,99,Unknown EMS Hospital Arrival Time,1
26,Michigan,260128,0,0,2,2,0,2,2,121,MUSKEGON (121),0,NOT APPLICABLE,3,March,10,10,5,Thursday,2022,13,1:00pm-1:59pm,24,24,CR-HOLTON WHITEHALL RD,E RUSSELL RD,4,County Road,1,Rural,5,Major Collector,2,County Highway Agency,0,This section IS NOT on the NHS,0,No Special Jurisdiction,44,44,43.41176111,43.41176111,-86.23686389,-86.23686389,12,Motor Vehicle In-Transport,6,Angle,0,No,2,Intersection,2,Four-Way Intersection,1,On Roadway,0,None,1,Daylight,1,Clear,0,No,0000000,Not Applicable,13,1:00pm-1:59pm,24,24,13,1:00pm-1:59pm,29,29,88,Not Applicable (Not Transported),88,Not Applicable (Not Transported),1
26,Michigan,260129,0,0,1,1,0,1,1,75,JACKSON (75),0,NOT APPLICABLE,3,March,13,13,1,Sunday,2022,20,8:00pm-8:59pm,37,37,I-94,NA,1,Interstate,1,Rural,1,Interstate,1,State Highway Agency,1,This section IS ON the NHS,0,No Special Jurisdiction,88,88,42.26891111,42.26891111,-84.54850556,-84.54850556,1,Rollover/Overturn,0,The First Harmful Event was Not a Collision with a Motor Vehicle in Transport,0,No,1,Non-Junction,1,Not an Intersection,4,On Roadside,0,None,2,Dark - Not Lighted,1,Clear,0,No,0000000,Not Applicable,99,Unknown,99,Unknown,99,Unknown EMS Scene Arrival Hour,99,Unknown EMS Scene Arrival Minutes,88,Not Applicable (Not Transported),88,Not Applicable (Not Transported),1
26,Michigan,260130,0,0,1,1,0,2,2,121,MUSKEGON (121),0,NOT APPLICABLE,1,January,31,31,2,Monday,2022,0,0:00am-0:59am,30,30,CR-ADAMS RD,NA,4,County Road,1,Rural,7,Local,2,County Highway Agency,0,This section IS NOT on the NHS,0,No Special Jurisdiction,2,2,43.26794167,43.26794167,-85.93816389,-85.93816389,34,Ditch,0,The First Harmful Event was Not a Collision with a Motor Vehicle in Transport,0,No,1,Non-Junction,1,Not an Intersection,4,On Roadside,0,None,2,Dark - Not Lighted,10,Cloudy,0,No,0000000,Not Applicable,99,Unknown,98,Unknown if Notified,99,Unknown EMS Scene Arrival Hour,98,Unknown if Arrived,88,Not Applicable (Not Transported),88,Not Applicable (Not Transported),2
26,Michigan,260131,0,0,1,1,0,1,1,67,IONIA (67),0,NOT APPLICABLE,3,March,10,10,5,Thursday,2022,6,6:00am-6:59am,26,26,CR-PECK LAKE RD,NA,4,County Road,1,Rural,7,Local,2,County Highway Agency,0,This section IS NOT on the NHS,0,No Special Jurisdiction,21,21,42.90051944,42.90051944,-85.27004722,-85.27004722,34,Ditch,0,The First Harmful Event was Not a Collision with a Motor Vehicle in Transport,0,No,1,Non-Junction,1,Not an Intersection,4,On Roadside,0,None,2,Dark - Not Lighted,1,Clear,0,No,0000000,Not Applicable,99,Unknown,99,Unknown,99,Unknown EMS Scene Arrival Hour,99,Unknown EMS Scene Arrival Minutes,88,Not Applicable (Not Transported),88,Not Applicable (Not Transported),1
26,Michigan,260132,0,0,1,1,0,2,2,65,INGHAM (65),2700,LANSING,3,March,13,13,1,Sunday,2022,14,2:00pm-2:59pm,48,48,I-496 RAMP 005B I-496,NA,1,Interstate,2,Urban,1,Interstate,1,State Highway Agency,1,This section IS ON the NHS,0,No Special Jurisdiction,1,1,42.72580556,42.72580556,-84.56327222,-84.56327222,25,Concrete Traffic Barrier,0,The First Harmful Event was Not a Collision with a Motor Vehicle in Transport,1,Yes,5,Entrance/Exit Ramp Related,1,Not an Intersection,4,On Roadside,0,None,1,Daylight,1,Clear,0,No,0000000,Not Applicable,14,2:00pm-2:59pm,49,49,14,2:00pm-2:59pm,53,53,99,Unknown,99,Unknown EMS Hospital Arrival Time,1
26,Michigan,260133,0,0,1,1,0,2,2,49,GENESEE (49),1730,FLINT,1,January,29,29,7,Saturday,2022,19,7:00pm-7:59pm,59,59,CESAR CHAVEZ DR,NA,6,Local Street - Municipality,2,Urban,4,Minor Arterial,4,City or Municipal Highway Agency,0,This section IS NOT on the NHS,0,No Special Jurisdiction,7,7,43.024575,43.024575,-83.68224444,-83.68224444,5,Fell/Jumped from Vehicle,0,The First Harmful Event was Not a Collision with a Motor Vehicle in Transport,0,No,1,Non-Junction,1,Not an Intersection,1,On Roadway,0,None,3,Dark - Lighted,1,Clear,0,No,0000000,Not Applicable,19,7:00pm-7:59pm,59,59,20,8:00pm-8:59pm,2,2,99,Unknown,99,Unknown EMS Hospital Arrival Time,1
26,Michigan,260134,0,0,1,1,0,1,1,115,MONROE (115),0,NOT APPLICABLE,2,February,9,9,4,Wednesday,2022,14,2:00pm-2:59pm,5,5,CR-BATES LN,NA,4,County Road,2,Urban,7,Local,2,County Highway Agency,0,This section IS NOT on the NHS,0,No Special Jurisdiction,8,8,41.94216111,41.94216111,-83.444275,-83.444275,42,Tree (Standing Only),0,The First Harmful Event was Not a Collision with a Motor Vehicle in Transport,0,No,1,Non-Junction,1,Not an Intersection,4,On Roadside,0,None,1,Daylight,1,Clear,0,No,0000000,Not Applicable,14,2:00pm-2:59pm,15,15,14,2:00pm-2:59pm,26,26,99,Unknown,99,Unknown EMS Hospital Arrival Time,1
26,Michigan,260135,0,0,2,2,0,3,3,145,SAGINAW (145),0,NOT APPLICABLE,3,March,14,14,2,Monday,2022,14,2:00pm-2:59pm,35,35,I-75,NA,1,Interstate,2,Urban,1,Interstate,1,State Highway Agency,1,This section IS ON the NHS,0,No Special Jurisdiction,148,148,43.40917222,43.40917222,-83.89119722,-83.89119722,12,Motor Vehicle In-Transport,1,Front-to-Rear,0,No,1,Non-Junction,1,Not an Intersection,1,On Roadway,0,None,1,Daylight,1,Clear,0,No,0000000,Not Applicable,14,2:00pm-2:59pm,35,35,15,3:00pm-3:59pm,10,10,99,Unknown,99,Unknown EMS Hospital Arrival Time,1
26,Michigan,260136,0,0,2,2,0,2,2,163,WAYNE (163),1260,DETROIT,3,March,11,11,6,Friday,2022,0,0:00am-0:59am,20,20,I-94,NA,1,Interstate,2,Urban,1,Interstate,1,State Highway Agency,1,This section IS ON the NHS,0,No Special Jurisdiction,303,303,42.382275,42.382275,-83.03111944,-83.03111944,12,Motor Vehicle In-Transport,6,Angle,0,No,1,Non-Junction,1,Not an Intersection,1,On Roadway,0,None,3,Dark - Lighted,10,Cloudy,0,No,0000000,Not Applicable,99,Unknown,99,Unknown,99,Unknown EMS Scene Arrival Hour,99,Unknown EMS Scene Arrival Minutes,99,Unknown,99,Unknown EMS Hospital Arrival Time,1
26,Michigan,260137,0,0,2,2,0,5,5,99,MACOMB (99),4731,STERLING HEIGHTS,1,January,21,21,6,Friday,2022,16,4:00pm-4:59pm,11,11,CR-HAYES RD,15 MILE RD,4,County Road,2,Urban,4,Minor Arterial,2,County Highway Agency,0,This section IS NOT on the NHS,0,No Special Jurisdiction,35,35,42.553025,42.553025,-82.97026111,-82.97026111,12,Motor Vehicle In-Transport,6,Angle,0,No,2,Intersection,2,Four-Way Intersection,1,On Roadway,0,None,1,Daylight,1,Clear,0,No,0000000,Not Applicable,99,Unknown,99,Unknown,99,Unknown EMS Scene Arrival Hour,99,Unknown EMS Scene Arrival Minutes,99,Unknown,99,Unknown EMS Hospital Arrival Time,1
26,Michigan,260138,0,0,1,1,0,1,1,129,OGEMAW (129),0,NOT APPLICABLE,3,March,15,15,3,Tuesday,2022,19,7:00pm-7:59pm,13,13,CR-LUCINDA DR,NA,4,County Road,1,Rural,7,Local,2,County Highway Agency,0,This section IS NOT on the NHS,0,No Special Jurisdiction,16,16,44.20157222,44.20157222,-84.02514444,-84.02514444,42,Tree (Standing Only),0,The First Harmful Event was Not a Collision with a Motor Vehicle in Transport,0,No,1,Non-Junction,1,Not an Intersection,4,On Roadside,0,None,1,Daylight,1,Clear,0,No,0000000,Not Applicable,19,7:00pm-7:59pm,13,13,19,7:00pm-7:59pm,19,19,88,Not Applicable (Not Transported),88,Not Applicable (Not Transported),1
26,Michigan,260139,0,0,1,1,0,1,1,99,MACOMB (99),1000,CLINTON,1,January,15,15,7,Saturday,2022,3,3:00am-3:59am,9,9,CR-HEYDENREICH RD,NA,4,County Road,2,Urban,5,Major Collector,2,County Highway Agency,0,This section IS NOT on the NHS,0,No Special Jurisdiction,4,4,42.61215833,42.61215833,-82.91679167,-82.91679167,1,Rollover/Overturn,0,The First Harmful Event was Not a Collision with a Motor Vehicle in Transport,0,No,1,Non-Junction,1,Not an Intersection,4,On Roadside,0,None,3,Dark - Lighted,10,Cloudy,0,No,0000000,Not Applicable,3,3:00am-3:59am,10,10,3,3:00am-3:59am,15,15,88,Not Applicable (Not Transported),88,Not Applicable (Not Transported),1
26,Michigan,260140,1,1,8,2,6,2,2,139,OTTAWA (139),0,NOT APPLICABLE,3,March,19,19,7,Saturday,2022,20,8:00pm-8:59pm,17,17,CR-BUTTERNUT DR,NA,4,County Road,2,Urban,4,Minor Arterial,2,County Highway Agency,0,This section IS NOT on the NHS,0,No Special Jurisdiction,21,21,42.81748889,42.81748889,-86.12634444,-86.12634444,12,Motor Vehicle In-Transport,7,Sideswipe - Same Direction,0,No,1,Non-Junction,1,Not an Intersection,1,On Roadway,0,None,3,Dark - Lighted,2,Rain,0,No,0000000,Not Applicable,20,8:00pm-8:59pm,17,17,20,8:00pm-8:59pm,24,24,88,Not Applicable (Not Transported),88,Not Applicable (Not Transported),1
26,Michigan,260141,1,1,1,1,0,1,1,91,LENAWEE (91),0,NOT APPLICABLE,2,February,7,7,2,Monday,2022,6,6:00am-6:59am,55,55,CR-HOWELL HWY,NA,4,County Road,2,Urban,4,Minor Arterial,2,County Highway Agency,0,This section IS NOT on the NHS,0,No Special Jurisdiction,2,2,41.90895833,41.90895833,-84.0099,-84.0099,8,Pedestrian,0,The First Harmful Event was Not a Collision with a Motor Vehicle in Transport,0,No,1,Non-Junction,1,Not an Intersection,1,On Roadway,0,None,2,Dark - Not Lighted,1,Clear,0,No,0000000,Not Applicable,6,6:00am-6:59am,54,54,7,7:00am-7:59am,2,2,99,Unknown,99,Unknown EMS Hospital Arrival Time,1
26,Michigan,260142,0,0,2,2,0,3,3,125,OAKLAND (125),0,NOT APPLICABLE,3,March,21,21,2,Monday,2022,10,10:00am-10:59am,45,45,SR-15 ORTONVILLE RD,NA,3,State Highway,2,Urban,3,Principal Arterial - Other,1,State Highway Agency,1,This section IS ON the NHS,0,No Special Jurisdiction,39,39,42.77761667,42.77761667,-83.420975,-83.420975,12,Motor Vehicle In-Transport,6,Angle,0,No,1,Non-Junction,1,Not an Intersection,1,On Roadway,0,None,1,Daylight,1,Clear,0,No,0000000,Not Applicable,10,10:00am-10:59am,47,47,10,10:00am-10:59am,53,53,99,Unknown,99,Unknown EMS Hospital Arrival Time,2
26,Michigan,260143,0,0,2,2,0,2,2,139,OTTAWA (139),0,NOT APPLICABLE,3,March,22,22,3,Tuesday,2022,16,4:00pm-4:59pm,36,36,US-31,NA,2,US Highway,2,Urban,2,Principal Arterial - Other Freeways and Expressways,1,State Highway Agency,1,This section IS ON the NHS,0,No Special Jurisdiction,247,247,43.10174444,43.10174444,-86.21011944,-86.21011944,12,Motor Vehicle In-Transport,1,Front-to-Rear,0,No,1,Non-Junction,1,Not an Intersection,1,On Roadway,1,Construction,1,Daylight,10,Cloudy,1,Yes,0000000,Not Applicable,16,4:00pm-4:59pm,36,36,16,4:00pm-4:59pm,40,40,99,Unknown,99,Unknown EMS Hospital Arrival Time,1
26,Michigan,260144,0,0,1,1,0,2,2,81,KENT (81),0,NOT APPLICABLE,3,March,26,26,7,Saturday,2022,17,5:00pm-5:59pm,13,13,CR-84TH ST SE,NA,4,County Road,2,Urban,4,Minor Arterial,2,County Highway Agency,0,This section IS NOT on the NHS,0,No Special Jurisdiction,160,160,42.81222222,42.81222222,-85.46777778,-85.46777778,30,Utility Pole/Light Support,0,The First Harmful Event was Not a Collision with a Motor Vehicle in Transport,0,No,1,Non-Junction,1,Not an Intersection,4,On Roadside,0,None,5,Dusk,1,Clear,0,No,0000000,Not Applicable,99,Unknown,99,Unknown,99,Unknown EMS Scene Arrival Hour,99,Unknown EMS Scene Arrival Minutes,99,Unknown,99,Unknown EMS Hospital Arrival Time,1
26,Michigan,260145,0,1,2,1,1,2,1,161,WASHTENAW (161),0,NOT APPLICABLE,3,March,23,23,4,Wednesday,2022,6,6:00am-6:59am,39,39,I-94,NA,1,Interstate,2,Urban,1,Interstate,1,State Highway Agency,1,This section IS ON the NHS,0,No Special Jurisdiction,303,303,42.23172222,42.23172222,-83.59646389,-83.59646389,14,Parked Motor Vehicle,0,The First Harmful Event was Not a Collision with a Motor Vehicle in Transport,0,No,1,Non-Junction,1,Not an Intersection,4,On Roadside,1,Construction,3,Dark - Lighted,2,Rain,0,No,0000000,Not Applicable,99,Unknown,99,Unknown,99,Unknown EMS Scene Arrival Hour,99,Unknown EMS Scene Arrival Minutes,88,Not Applicable (Not Transported),88,Not Applicable (Not Transported),1
26,Michigan,260146,1,1,1,1,0,2,2,49,GENESEE (49),1680,FENTON,3,March,26,26,7,Saturday,2022,14,2:00pm-2:59pm,46,46,US-23,NA,2,US Highway,2,Urban,2,Principal Arterial - Other Freeways and Expressways,1,State Highway Agency,1,This section IS ON the NHS,0,No Special Jurisdiction,16,16,42.80336944,42.80336944,-83.72861389,-83.72861389,73,Object That Had Fallen From Motor Vehicle In-Transport,0,The First Harmful Event was Not a Collision with a Motor Vehicle in Transport,0,No,1,Non-Junction,1,Not an Intersection,1,On Roadway,0,None,1,Daylight,10,Cloudy,0,No,0000000,Not Applicable,14,2:00pm-2:59pm,50,50,99,Unknown EMS Scene Arrival Hour,99,Unknown EMS Scene Arrival Minutes,99,Unknown,99,Unknown EMS Hospital Arrival Time,1
26,Michigan,260147,0,0,2,2,0,3,3,75,JACKSON (75),0,NOT APPLICABLE,3,March,25,25,6,Friday,2022,13,1:00pm-1:59pm,34,34,SR-106 BUNKERHILL RD,NA,3,State Highway,1,Rural,4,Minor Arterial,1,State Highway Agency,0,This section IS NOT on the NHS,0,No Special Jurisdiction,58,58,42.3255,42.3255,-84.36515833,-84.36515833,12,Motor Vehicle In-Transport,6,Angle,0,No,1,Non-Junction,1,Not an Intersection,1,On Roadway,0,None,1,Daylight,1,Clear,0,No,0000000,Not Applicable,13,1:00pm-1:59pm,36,36,13,1:00pm-1:59pm,41,41,99,Unknown,99,Unknown EMS Hospital Arrival Time,2
26,Michigan,260148,0,0,1,1,0,1,1,5,ALLEGAN (5),3755,OVERISEL,3,March,12,12,7,Saturday,2022,17,5:00pm-5:59pm,39,39,CR-40TH ST,NA,4,County Road,1,Rural,5,Major Collector,2,County Highway Agency,0,This section IS NOT on the NHS,0,No Special Jurisdiction,2,2,42.76474722,42.76474722,-85.940225,-85.940225,42,Tree (Standing Only),0,The First Harmful Event was Not a Collision with a Motor Vehicle in Transport,0,No,1,Non-Junction,1,Not an Intersection,5,Outside Trafficway,0,None,5,Dusk,10,Cloudy,0,No,0000000,Not Applicable,99,Unknown,99,Unknown,99,Unknown EMS Scene Arrival Hour,99,Unknown EMS Scene Arrival Minutes,88,Not Applicable (Not Transported),88,Not Applicable (Not Transported),1
26,Michigan,260150,1,1,1,1,0,1,1,125,OAKLAND (125),3712,ORION TOWNSHIP,3,March,4,4,6,Friday,2022,20,8:00pm-8:59pm,18,18,CR-INDIANWOOD RD,NA,4,County Road,2,Urban,5,Major Collector,2,County Highway Agency,0,This section IS NOT on the NHS,0,No Special Jurisdiction,21,21,42.78836111,42.78836111,-83.27928889,-83.27928889,8,Pedestrian,0,The First Harmful Event was Not a Collision with a Motor Vehicle in Transport,0,No,1,Non-Junction,1,Not an Intersection,1,On Roadway,0,None,2,Dark - Not Lighted,1,Clear,0,No,0000000,Not Applicable,20,8:00pm-8:59pm,18,18,20,8:00pm-8:59pm,24,24,99,Unknown,99,Unknown EMS Hospital Arrival Time,1
26,Michigan,260151,0,0,2,2,0,3,3,21,BERRIEN (21),0,NOT APPLICABLE,3,March,2,2,4,Wednesday,2022,19,7:00pm-7:59pm,0,0,CR-BROWNTOWN RD,CLEVELAND AVE,4,County Road,1,Rural,7,Local,2,County Highway Agency,0,This section IS NOT on the NHS,0,No Special Jurisdiction,59,59,41.89926389,41.89926389,-86.49439167,-86.49439167,12,Motor Vehicle In-Transport,6,Angle,0,No,2,Intersection,2,Four-Way Intersection,1,On Roadway,0,None,2,Dark - Not Lighted,10,Cloudy,0,No,0000000,Not Applicable,99,Unknown,99,Unknown,19,7:00pm-7:59pm,20,20,99,Unknown,99,Unknown EMS Hospital Arrival Time,1
26,Michigan,260152,0,0,1,1,0,1,1,31,CHEBOYGAN (31),0,NOT APPLICABLE,3,March,13,13,1,Sunday,2022,6,6:00am-6:59am,59,59,CR-OLD ONAWAY RD,NA,4,County Road,1,Rural,6,Minor Collector,2,County Highway Agency,0,This section IS NOT on the NHS,0,No Special Jurisdiction,0,None,45.41073333,45.41073333,-84.547775,-84.547775,35,Embankment,0,The First Harmful Event was Not a Collision with a Motor Vehicle in Transport,0,No,1,Non-Junction,1,Not an Intersection,4,On Roadside,0,None,2,Dark - Not Lighted,10,Cloudy,0,No,0000000,Not Applicable,7,7:00am-7:59am,2,2,7,7:00am-7:59am,16,16,88,Not Applicable (Not Transported),88,Not Applicable (Not Transported),1
26,Michigan,260153,0,0,2,2,0,2,2,161,WASHTENAW (161),0,NOT APPLICABLE,3,March,6,6,1,Sunday,2022,2,2:00am-2:59am,48,48,I-94,NA,1,Interstate,2,Urban,1,Interstate,1,State Highway Agency,1,This section IS ON the NHS,0,No Special Jurisdiction,131,131,42.29831111,42.29831111,-83.87921667,-83.87921667,12,Motor Vehicle In-Transport,11,Other,1,Yes,18,Through Roadway,1,Not an Intersection,1,On Roadway,0,None,2,Dark - Not Lighted,1,Clear,0,No,0000000,Not Applicable,99,Unknown,99,Unknown,99,Unknown EMS Scene Arrival Hour,99,Unknown EMS Scene Arrival Minutes,88,Not Applicable (Not Transported),88,Not Applicable (Not Transported),2
26,Michigan,260154,0,0,1,1,0,1,1,25,CALHOUN (25),0,NOT APPLICABLE,3,March,11,11,6,Friday,2022,23,11:00pm-11:59pm,7,7,SR-60,NA,3,State Highway,1,Rural,4,Minor Arterial,1,State Highway Agency,0,This section IS NOT on the NHS,0,No Special Jurisdiction,207,207,42.15813056,42.15813056,-84.77303056,-84.77303056,42,Tree (Standing Only),0,The First Harmful Event was Not a Collision with a Motor Vehicle in Transport,0,No,1,Non-Junction,1,Not an Intersection,4,On Roadside,0,None,2,Dark - Not Lighted,4,Snow,0,No,0000000,Not Applicable,23,11:00pm-11:59pm,9,9,23,11:00pm-11:59pm,21,21,88,Not Applicable (Not Transported),88,Not Applicable (Not Transported),1
26,Michigan,260155,0,0,1,1,0,1,1,65,INGHAM (65),2700,LANSING,3,March,14,14,2,Monday,2022,11,11:00am-11:59am,40,40,SR-99 ML KING JR BLVD,NA,3,State Highway,2,Urban,3,Principal Arterial - Other,1,State Highway Agency,1,This section IS ON the NHS,0,No Special Jurisdiction,42,42,42.70466389,42.70466389,-84.5676,-84.5676,43,Other Fixed Object,0,The First Harmful Event was Not a Collision with a Motor Vehicle in Transport,0,No,1,Non-Junction,1,Not an Intersection,4,On Roadside,0,None,1,Daylight,1,Clear,0,No,536367D,536367D,11,11:00am-11:59am,46,46,11,11:00am-11:59am,52,52,88,Not Applicable (Not Transported),88,Not Applicable (Not Transported),1
26,Michigan,260156,0,0,2,2,0,2,2,49,GENESEE (49),0,NOT APPLICABLE,3,March,14,14,2,Monday,2022,11,11:00am-11:59am,45,45,CR-CLIO RD,NA,4,County Road,2,Urban,4,Minor Arterial,2,County Highway Agency,0,This section IS NOT on the NHS,0,No Special Jurisdiction,45,45,43.10438056,43.10438056,-83.73395,-83.73395,12,Motor Vehicle In-Transport,2,Front-to-Front,0,No,1,Non-Junction,1,Not an Intersection,1,On Roadway,0,None,1,Daylight,1,Clear,0,No,0000000,Not Applicable,99,Unknown,99,Unknown,99,Unknown EMS Scene Arrival Hour,99,Unknown EMS Scene Arrival Minutes,99,Unknown,99,Unknown EMS Hospital Arrival Time,1
26,Michigan,260157,0,0,2,2,0,2,2,93,LIVINGSTON (93),0,NOT APPLICABLE,3,March,10,10,5,Thursday,2022,19,7:00pm-7:59pm,30,30,CR-PINCKNEY RD,NA,4,County Road,2,Urban,4,Minor Arterial,2,County Highway Agency,0,This section IS NOT on the NHS,0,No Special Jurisdiction,65,65,42.56235278,42.56235278,-83.93224722,-83.93224722,12,Motor Vehicle In-Transport,2,Front-to-Front,0,No,1,Non-Junction,1,Not an Intersection,1,On Roadway,0,None,2,Dark - Not Lighted,10,Cloudy,0,No,0000000,Not Applicable,99,Unknown,99,Unknown,99,Unknown EMS Scene Arrival Hour,99,Unknown EMS Scene Arrival Minutes,99,Unknown,99,Unknown EMS Hospital Arrival Time,1
26,Michigan,260158,0,0,1,1,0,2,2,137,OTSEGO (137),0,NOT APPLICABLE,3,March,31,31,5,Thursday,2022,8,8:00am-8:59am,3,3,CR-THUMB LAKE RD,NA,4,County Road,1,Rural,4,Minor Arterial,2,County Highway Agency,0,This section IS NOT on the NHS,0,No Special Jurisdiction,6,6,45.18727222,45.18727222,-84.72338889,-84.72338889,42,Tree (Standing Only),0,The First Harmful Event was Not a Collision with a Motor Vehicle in Transport,0,No,1,Non-Junction,1,Not an Intersection,4,On Roadside,0,None,1,Daylight,3,Sleet or Hail,0,No,0000000,Not Applicable,99,Unknown,99,Unknown,99,Unknown EMS Scene Arrival Hour,99,Unknown EMS Scene Arrival Minutes,99,Unknown,99,Unknown EMS Hospital Arrival Time,1
26,Michigan,260159,0,0,1,1,0,1,1,5,ALLEGAN (5),0,NOT APPLICABLE,3,March,4,4,6,Friday,2022,21,9:00pm-9:59pm,44,44,CR-22ND ST,NA,4,County Road,1,Rural,7,Local,2,County Highway Agency,0,This section IS NOT on the NHS,0,No Special Jurisdiction,7,7,42.63171667,42.63171667,-85.76091111,-85.76091111,1,Rollover/Overturn,0,The First Harmful Event was Not a Collision with a Motor Vehicle in Transport,0,No,1,Non-Junction,1,Not an Intersection,4,On Roadside,0,None,2,Dark - Not Lighted,1,Clear,0,No,0000000,Not Applicable,99,Unknown,99,Unknown,99,Unknown EMS Scene Arrival Hour,99,Unknown EMS Scene Arrival Minutes,88,Not Applicable (Not Transported),88,Not Applicable (Not Transported),1
26,Michigan,260160,0,0,3,3,0,5,5,115,MONROE (115),2413,IDA,3,March,15,15,3,Tuesday,2022,6,6:00am-6:59am,59,59,CR-LEWIS RD,NA,4,County Road,1,Rural,5,Major Collector,2,County Highway Agency,0,This section IS NOT on the NHS,0,No Special Jurisdiction,68,68,41.82886944,41.82886944,-83.57030833,-83.57030833,12,Motor Vehicle In-Transport,8,Sideswipe - Opposite Direction,0,No,1,Non-Junction,1,Not an Intersection,1,On Roadway,0,None,2,Dark - Not Lighted,10,Cloudy,0,No,0000000,Not Applicable,99,Unknown,99,Unknown,99,Unknown EMS Scene Arrival Hour,99,Unknown EMS Scene Arrival Minutes,88,Not Applicable (Not Transported),88,Not Applicable (Not Transported),1
26,Michigan,260161,1,1,1,1,0,1,1,125,OAKLAND (125),2230,HAZEL PARK,3,March,18,18,6,Friday,2022,16,4:00pm-4:59pm,51,51,BRICKLEY AVE,JOHN R RD,6,Local Street - Municipality,2,Urban,7,Local,4,City or Municipal Highway Agency,0,This section IS NOT on the NHS,0,No Special Jurisdiction,3,3,42.47463333,42.47463333,-83.10463333,-83.10463333,8,Pedestrian,0,The First Harmful Event was Not a Collision with a Motor Vehicle in Transport,0,No,3,Intersection-Related,2,Four-Way Intersection,1,On Roadway,0,None,1,Daylight,1,Clear,0,No,0000000,Not Applicable,16,4:00pm-4:59pm,51,51,16,4:00pm-4:59pm,55,55,99,Unknown,99,Unknown EMS Hospital Arrival Time,1
26,Michigan,260162,0,0,1,1,0,1,1,81,KENT (81),0,NOT APPLICABLE,4,April,1,1,6,Friday,2022,18,6:00pm-6:59pm,0,0,CR-64TH ST SE,64TH ST SE,4,County Road,1,Rural,5,Major Collector,2,County Highway Agency,0,This section IS NOT on the NHS,0,No Special Jurisdiction,0,None,42.84884722,42.84884722,-85.39006111,-85.39006111,42,Tree (Standing Only),0,The First Harmful Event was Not a Collision with a Motor Vehicle in Transport,0,No,3,Intersection-Related,3,T-Intersection,4,On Roadside,0,None,1,Daylight,1,Clear,0,No,0000000,Not Applicable,18,6:00pm-6:59pm,4,4,18,6:00pm-6:59pm,32,32,88,Not Applicable (Not Transported),88,Not Applicable (Not Transported),1
26,Michigan,260163,0,0,1,1,0,5,5,127,OCEANA (127),0,NOT APPLICABLE,4,April,2,2,7,Saturday,2022,0,0:00am-0:59am,34,34,CR- S 44TH AVE,NA,4,County Road,1,Rural,7,Local,2,County Highway Agency,0,This section IS NOT on the NHS,0,No Special Jurisdiction,0,None,43.58451667,43.58451667,-86.44784722,-86.44784722,42,Tree (Standing Only),0,The First Harmful Event was Not a Collision with a Motor Vehicle in Transport,0,No,1,Non-Junction,1,Not an Intersection,4,On Roadside,0,None,2,Dark - Not Lighted,1,Clear,0,No,0000000,Not Applicable,0,0:00am-0:59am,36,36,0,0:00am-0:59am,50,50,99,Unknown,99,Unknown EMS Hospital Arrival Time,1
26,Michigan,260164,1,1,1,1,0,1,1,75,JACKSON (75),0,NOT APPLICABLE,3,March,19,19,7,Saturday,2022,7,7:00am-7:59am,10,10,CR-PARNALL RD,NA,4,County Road,2,Urban,4,Minor Arterial,2,County Highway Agency,0,This section IS NOT on the NHS,0,No Special Jurisdiction,29,29,42.29116389,42.29116389,-84.40544722,-84.40544722,8,Pedestrian,0,The First Harmful Event was Not a Collision with a Motor Vehicle in Transport,0,No,1,Non-Junction,1,Not an Intersection,1,On Roadway,0,None,2,Dark - Not Lighted,2,Rain,0,No,0000000,Not Applicable,7,7:00am-7:59am,11,11,7,7:00am-7:59am,15,15,88,Not Applicable (Not Transported),88,Not Applicable (Not Transported),1
26,Michigan,260165,0,0,1,1,0,2,2,41,DELTA (41),287,BARK RIVER,4,April,2,2,7,Saturday,2022,21,9:00pm-9:59pm,51,51,SR-69 F RD,NA,3,State Highway,1,Rural,4,Minor Arterial,1,State Highway Agency,0,This section IS NOT on the NHS,0,No Special Jurisdiction,39,39,45.74075,45.74075,-87.26878333,-87.26878333,1,Rollover/Overturn,0,The First Harmful Event was Not a Collision with a Motor Vehicle in Transport,0,No,1,Non-Junction,1,Not an Intersection,1,On Roadway,0,None,2,Dark - Not Lighted,5,"Fog, Smog, Smoke",0,No,0000000,Not Applicable,21,9:00pm-9:59pm,51,51,22,10:00pm-10:59pm,2,2,99,Unknown,99,Unknown EMS Hospital Arrival Time,1
26,Michigan,260166,0,0,1,1,0,1,1,163,WAYNE (163),4975,VAN BOWEN,3,March,1,1,3,Tuesday,2022,6,6:00am-6:59am,30,30,I-94 RAMP 192D,NA,1,Interstate,2,Urban,1,Interstate,1,State Highway Agency,1,This section IS ON the NHS,0,No Special Jurisdiction,1,1,42.22074167,42.22074167,-83.4374,-83.4374,42,Tree (Standing Only),0,The First Harmful Event was Not a Collision with a Motor Vehicle in Transport,1,Yes,5,Entrance/Exit Ramp Related,1,Not an Intersection,8,Gore,0,None,2,Dark - Not Lighted,1,Clear,0,No,0000000,Not Applicable,99,Unknown,99,Unknown,99,Unknown EMS Scene Arrival Hour,99,Unknown EMS Scene Arrival Minutes,99,Unknown,99,Unknown EMS Hospital Arrival Time,1
26,Michigan,260167,0,0,1,1,0,1,1,111,MIDLAND (111),1486,EDENVILLE,4,April,1,1,6,Friday,2022,23,11:00pm-11:59pm,33,33,CR-N LAKE SANFORD RD,NA,4,County Road,2,Urban,5,Major Collector,2,County Highway Agency,0,This section IS NOT on the NHS,0,No Special Jurisdiction,9,9,43.73881944,43.73881944,-84.407475,-84.407475,42,Tree (Standing Only),0,The First Harmful Event was Not a Collision with a Motor Vehicle in Transport,0,No,1,Non-Junction,1,Not an Intersection,4,On Roadside,0,None,2,Dark - Not Lighted,1,Clear,0,No,0000000,Not Applicable,23,11:00pm-11:59pm,38,38,23,11:00pm-11:59pm,44,44,88,Not Applicable (Not Transported),88,Not Applicable (Not Transported),1
26,Michigan,260168,0,0,2,2,0,2,2,31,CHEBOYGAN (31),0,NOT APPLICABLE,4,April,7,7,5,Thursday,2022,16,4:00pm-4:59pm,40,40,SR-33,NA,3,State Highway,1,Rural,4,Minor Arterial,1,State Highway Agency,0,This section IS NOT on the NHS,0,No Special Jurisdiction,30,30,45.41228611,45.41228611,-84.444775,-84.444775,12,Motor Vehicle In-Transport,1,Front-to-Rear,0,No,1,Non-Junction,1,Not an Intersection,1,On Roadway,0,None,1,Daylight,4,Snow,0,No,0000000,Not Applicable,16,4:00pm-4:59pm,40,40,16,4:00pm-4:59pm,46,46,88,Not Applicable (Not Transported),88,Not Applicable (Not Transported),1
26,Michigan,260169,0,0,2,2,0,4,4,145,SAGINAW (145),0,NOT APPLICABLE,3,March,25,25,6,Friday,2022,0,0:00am-0:59am,32,32,SR-84 BAY RD,NA,3,State Highway,2,Urban,3,Principal Arterial - Other,1,State Highway Agency,1,This section IS ON the NHS,0,No Special Jurisdiction,51,51,43.50078889,43.50078889,-83.97319167,-83.97319167,12,Motor Vehicle In-Transport,2,Front-to-Front,0,No,1,Non-Junction,1,Not an Intersection,1,On Roadway,0,None,3,Dark - Lighted,2,Rain,0,No,0000000,Not Applicable,99,Unknown,99,Unknown,99,Unknown EMS Scene Arrival Hour,99,Unknown EMS Scene Arrival Minutes,99,Unknown,99,Unknown EMS Hospital Arrival Time,2
26,Michigan,260170,1,1,1,1,0,1,1,163,WAYNE (163),1260,DETROIT,4,April,4,4,2,Monday,2022,0,0:00am-0:59am,46,46,LIVERNOIS AVE,TIREMAN ST,6,Local Street - Municipality,2,Urban,3,Principal Arterial - Other,4,City or Municipal Highway Agency,1,This section IS ON the NHS,0,No Special Jurisdiction,37,37,42.35231389,42.35231389,-83.13588611,-83.13588611,9,Pedalcyclist,0,The First Harmful Event was Not a Collision with a Motor Vehicle in Transport,0,No,3,Intersection-Related,2,Four-Way Intersection,1,On Roadway,0,None,3,Dark - Lighted,1,Clear,0,No,0000000,Not Applicable,99,Unknown,99,Unknown,99,Unknown EMS Scene Arrival Hour,99,Unknown EMS Scene Arrival Minutes,99,Unknown,99,Unknown EMS Hospital Arrival Time,1
26,Michigan,260171,1,1,1,1,0,1,1,75,JACKSON (75),2764,LEONI,4,April,8,8,6,Friday,2022,19,7:00pm-7:59pm,39,39,SR-ANN ARBOR RD,SARGENT RD,3,State Highway,2,Urban,5,Major Collector,1,State Highway Agency,0,This section IS NOT on the NHS,0,No Special Jurisdiction,31,31,42.2772,42.2772,-84.30798611,-84.30798611,8,Pedestrian,0,The First Harmful Event was Not a Collision with a Motor Vehicle in Transport,0,No,3,Intersection-Related,2,Four-Way Intersection,1,On Roadway,0,None,5,Dusk,10,Cloudy,0,No,0000000,Not Applicable,19,7:00pm-7:59pm,41,41,19,7:00pm-7:59pm,47,47,99,Unknown,99,Unknown EMS Hospital Arrival Time,1
26,Michigan,260172,0,0,2,2,0,3,3,45,EATON (45),1245,DELTA MILLS,3,March,20,20,1,Sunday,2022,14,2:00pm-2:59pm,53,53,CR-MT HOPE RD,CANAL RD,4,County Road,2,Urban,5,Major Collector,2,County Highway Agency,0,This section IS NOT on the NHS,0,No Special Jurisdiction,213,213,42.71206111,42.71206111,-84.66203611,-84.66203611,12,Motor Vehicle In-Transport,6,Angle,0,No,2,Intersection,2,Four-Way Intersection,1,On Roadway,0,None,1,Daylight,1,Clear,0,No,0000000,Not Applicable,14,2:00pm-2:59pm,54,54,14,2:00pm-2:59pm,58,58,99,Unknown,99,Unknown EMS Hospital Arrival Time,2
26,Michigan,260173,0,0,2,2,0,3,3,117,MONTCALM (117),2060,GREENVILLE,4,April,9,9,7,Saturday,2022,15,3:00pm-3:59pm,31,31,SR-57 CARSON CITY RD,E BACKUS RD,3,State Highway,2,Urban,4,Minor Arterial,1,State Highway Agency,0,This section IS NOT on the NHS,0,No Special Jurisdiction,47,47,43.17054444,43.17054444,-85.22343056,-85.22343056,12,Motor Vehicle In-Transport,6,Angle,0,No,3,Intersection-Related,3,T-Intersection,1,On Roadway,0,None,1,Daylight,10,Cloudy,0,No,0000000,Not Applicable,15,3:00pm-3:59pm,13,13,15,3:00pm-3:59pm,21,21,99,Unknown,99,Unknown EMS Hospital Arrival Time,1
26,Michigan,260174,0,0,1,1,0,1,1,163,WAYNE (163),1260,DETROIT,3,March,21,21,2,Monday,2022,22,10:00pm-10:59pm,5,5,CR-OUTER DR,WINTHROP ST,4,County Road,2,Urban,4,Minor Arterial,2,County Highway Agency,0,This section IS NOT on the NHS,0,No Special Jurisdiction,14,14,42.41956667,42.41956667,-83.20103056,-83.20103056,59,Traffic Sign Support,0,The First Harmful Event was Not a Collision with a Motor Vehicle in Transport,0,No,3,Intersection-Related,2,Four-Way Intersection,3,On Median,0,None,3,Dark - Lighted,1,Clear,0,No,0000000,Not Applicable,99,Unknown,99,Unknown,99,Unknown EMS Scene Arrival Hour,99,Unknown EMS Scene Arrival Minutes,99,Unknown,99,Unknown EMS Hospital Arrival Time,1
26,Michigan,260175,0,0,2,2,0,5,5,163,WAYNE (163),5279,WOODHAVEN,4,April,9,9,7,Saturday,2022,22,10:00pm-10:59pm,10,10,CR-WEST RD,ALLEN RD,4,County Road,2,Urban,3,Principal Arterial - Other,2,County Highway Agency,1,This section IS ON the NHS,0,No Special Jurisdiction,71,71,42.14073056,42.14073056,-83.22623333,-83.22623333,12,Motor Vehicle In-Transport,6,Angle,0,No,2,Intersection,2,Four-Way Intersection,1,On Roadway,0,None,3,Dark - Lighted,1,Clear,0,No,0000000,Not Applicable,99,Unknown,99,Unknown,99,Unknown EMS Scene Arrival Hour,99,Unknown EMS Scene Arrival Minutes,99,Unknown,99,Unknown EMS Hospital Arrival Time,1
26,Michigan,260176,0,0,1,1,0,1,1,113,MISSAUKEE (113),0,NOT APPLICABLE,4,April,12,12,3,Tuesday,2022,17,5:00pm-5:59pm,15,15,CR-E MOORESTOWN RD,NA,4,County Road,1,Rural,5,Major Collector,2,County Highway Agency,0,This section IS NOT on the NHS,0,No Special Jurisdiction,61,61,44.46597222,44.46597222,-85.03214722,-85.03214722,42,Tree (Standing Only),0,The First Harmful Event was Not a Collision with a Motor Vehicle in Transport,0,No,1,Non-Junction,1,Not an Intersection,4,On Roadside,0,None,1,Daylight,1,Clear,0,No,0000000,Not Applicable,17,5:00pm-5:59pm,28,28,17,5:00pm-5:59pm,44,44,88,Not Applicable (Not Transported),88,Not Applicable (Not Transported),1
26,Michigan,260177,0,0,2,2,0,5,5,147,ST. CLAIR (147),1560,EMMETT,3,March,24,24,5,Thursday,2022,13,1:00pm-1:59pm,0,0,SR-19 KINNEY RD,NA,3,State Highway,1,Rural,4,Minor Arterial,1,State Highway Agency,0,This section IS NOT on the NHS,0,No Special Jurisdiction,51,51,42.98600556,42.98600556,-82.76486389,-82.76486389,12,Motor Vehicle In-Transport,2,Front-to-Front,0,No,1,Non-Junction,1,Not an Intersection,1,On Roadway,0,None,1,Daylight,10,Cloudy,0,No,0000000,Not Applicable,13,1:00pm-1:59pm,7,7,13,1:00pm-1:59pm,12,12,99,Unknown,99,Unknown EMS Hospital Arrival Time,2
26,Michigan,260178,0,0,3,3,0,7,7,125,OAKLAND (125),5255,WIXOM,4,April,2,2,7,Saturday,2022,9,9:00am-9:59am,4,4,I-96,NA,1,Interstate,2,Urban,1,Interstate,1,State Highway Agency,1,This section IS ON the NHS,0,No Special Jurisdiction,75,75,42.49651389,42.49651389,-83.52857222,-83.52857222,12,Motor Vehicle In-Transport,1,Front-to-Rear,0,No,1,Non-Junction,1,Not an Intersection,1,On Roadway,1,Construction,1,Daylight,10,Cloudy,0,No,0000000,Not Applicable,99,Unknown,99,Unknown,99,Unknown EMS Scene Arrival Hour,99,Unknown EMS Scene Arrival Minutes,99,Unknown,99,Unknown EMS Hospital Arrival Time,1
26,Michigan,260179,0,0,1,1,0,5,5,25,CALHOUN (25),3885,PENNFIELD,3,March,25,25,6,Friday,2022,17,5:00pm-5:59pm,57,57,CR-STRUWIN RD,NA,4,County Road,1,Rural,7,Local,2,County Highway Agency,0,This section IS NOT on the NHS,0,No Special Jurisdiction,11,11,42.40895,42.40895,-85.14306944,-85.14306944,42,Tree (Standing Only),0,The First Harmful Event was Not a Collision with a Motor Vehicle in Transport,0,No,1,Non-Junction,1,Not an Intersection,4,On Roadside,0,None,1,Daylight,2,Rain,0,No,0000000,Not Applicable,17,5:00pm-5:59pm,57,57,18,6:00pm-6:59pm,2,2,99,Unknown,99,Unknown EMS Hospital Arrival Time,1
26,Michigan,260180,0,0,1,1,0,2,2,81,KENT (81),785,CASCADE,4,April,5,5,3,Tuesday,2022,11,11:00am-11:59am,53,53,CR-TERMINAL DR SE,NA,4,County Road,6,Trafficway Not in State Inventory,96,Trafficway Not in State Inventory,96,Trafficway Not in State Inventory,0,This section IS NOT on the NHS,0,No Special Jurisdiction,4,4,42.88371944,42.88371944,-85.53259167,-85.53259167,43,Other Fixed Object,0,The First Harmful Event was Not a Collision with a Motor Vehicle in Transport,0,No,1,Non-Junction,1,Not an Intersection,4,On Roadside,0,None,1,Daylight,10,Cloudy,0,No,0000000,Not Applicable,99,Unknown,99,Unknown,99,Unknown EMS Scene Arrival Hour,99,Unknown EMS Scene Arrival Minutes,99,Unknown,99,Unknown EMS Hospital Arrival Time,1
26,Michigan,260181,0,0,2,2,0,4,4,5,ALLEGAN (5),0,NOT APPLICABLE,4,April,16,16,7,Saturday,2022,4,4:00am-4:59am,23,23,CR-58TH ST,NA,4,County Road,1,Rural,4,Minor Arterial,2,County Highway Agency,0,This section IS NOT on the NHS,0,No Special Jurisdiction,27,27,42.63307778,42.63307778,-86.11453056,-86.11453056,12,Motor Vehicle In-Transport,2,Front-to-Front,0,No,1,Non-Junction,1,Not an Intersection,1,On Roadway,0,None,2,Dark - Not Lighted,1,Clear,0,No,0000000,Not Applicable,4,4:00am-4:59am,26,26,4,4:00am-4:59am,41,41,99,Unknown,99,Unknown EMS Hospital Arrival Time,1
26,Michigan,260182,0,0,2,2,0,2,2,163,WAYNE (163),1720,FLAT ROCK,4,April,7,7,5,Thursday,2022,12,12:00pm-12:59pm,53,53,US-24 TELEGRAPH RD,NA,2,US Highway,2,Urban,3,Principal Arterial - Other,1,State Highway Agency,1,This section IS ON the NHS,0,No Special Jurisdiction,14,14,42.11191389,42.11191389,-83.283575,-83.283575,12,Motor Vehicle In-Transport,6,Angle,0,No,8,Driveway Access Related,1,Not an Intersection,1,On Roadway,0,None,1,Daylight,1,Clear,0,No,0000000,Not Applicable,12,12:00pm-12:59pm,58,58,13,1:00pm-1:59pm,1,1,99,Unknown,99,Unknown EMS Hospital Arrival Time,1
26,Michigan,260184,1,1,3,3,0,5,5,163,WAYNE (163),1260,DETROIT,4,April,14,14,5,Thursday,2022,20,8:00pm-8:59pm,30,30,CR-W MCNICHOLS RD,GILCHRIST ST,4,County Road,2,Urban,3,Principal Arterial - Other,2,County Highway Agency,1,This section IS ON the NHS,0,No Special Jurisdiction,173,173,42.41566111,42.41566111,-83.212075,-83.212075,9,Pedalcyclist,0,The First Harmful Event was Not a Collision with a Motor Vehicle in Transport,0,No,2,Intersection,2,Four-Way Intersection,1,On Roadway,0,None,2,Dark - Not Lighted,1,Clear,0,No,0000000,Not Applicable,99,Unknown,99,Unknown,99,Unknown EMS Scene Arrival Hour,99,Unknown EMS Scene Arrival Minutes,99,Unknown,99,Unknown EMS Hospital Arrival Time,1
26,Michigan,260185,1,1,2,2,0,2,2,163,WAYNE (163),1260,DETROIT,4,April,17,17,1,Sunday,2022,3,3:00am-3:59am,45,45,SR-3 GRATIOTA AVE,CONNER ST,3,State Highway,2,Urban,3,Principal Arterial - Other,1,State Highway Agency,1,This section IS ON the NHS,0,No Special Jurisdiction,60,60,42.40495278,42.40495278,-82.99758333,-82.99758333,12,Motor Vehicle In-Transport,6,Angle,0,No,2,Intersection,2,Four-Way Intersection,1,On Roadway,0,None,8,Not Reported,98,Not Reported,0,No,0000000,Not Applicable,99,Unknown,99,Unknown,99,Unknown EMS Scene Arrival Hour,99,Unknown EMS Scene Arrival Minutes,88,Not Applicable (Not Transported),88,Not Applicable (Not Transported),1
26,Michigan,260186,0,0,1,1,0,2,2,149,ST JOSEPH (149),0,NOT APPLICABLE,4,April,19,19,3,Tuesday,2022,7,7:00am-7:59am,50,50,CR-CENTREVILLE CONSTANTINE RD,NA,4,County Road,1,Rural,5,Major Collector,2,County Highway Agency,0,This section IS NOT on the NHS,0,No Special Jurisdiction,39,39,41.88101389,41.88101389,-85.59095833,-85.59095833,42,Tree (Standing Only),0,The First Harmful Event was Not a Collision with a Motor Vehicle in Transport,0,No,1,Non-Junction,1,Not an Intersection,4,On Roadside,0,None,1,Daylight,10,Cloudy,0,No,0000000,Not Applicable,7,7:00am-7:59am,52,52,8,8:00am-8:59am,8,8,88,Not Applicable (Not Transported),88,Not Applicable (Not Transported),1
26,Michigan,260187,0,0,2,2,0,3,3,99,MACOMB (99),1009,CLINTON TOWNSHIP,3,March,29,29,3,Tuesday,2022,19,7:00pm-7:59pm,25,25,CR-19 MILE RD,NA,4,County Road,2,Urban,4,Minor Arterial,2,County Highway Agency,0,This section IS NOT on the NHS,0,No Special Jurisdiction,20,20,42.61315556,42.61315556,-82.94322778,-82.94322778,12,Motor Vehicle In-Transport,7,Sideswipe - Same Direction,0,No,1,Non-Junction,1,Not an Intersection,1,On Roadway,0,None,1,Daylight,1,Clear,0,No,0000000,Not Applicable,19,7:00pm-7:59pm,29,29,19,7:00pm-7:59pm,33,33,88,Not Applicable (Not Transported),88,Not Applicable (Not Transported),1
26,Michigan,260188,0,0,1,1,0,2,2,9,ANTRIM (9),0,NOT APPLICABLE,4,April,22,22,6,Friday,2022,8,8:00am-8:59am,34,34,CR-S KORTHASE RD,NA,4,County Road,1,Rural,5,Major Collector,2,County Highway Agency,0,This section IS NOT on the NHS,0,No Special Jurisdiction,10,10,45.11132778,45.11132778,-84.98143611,-84.98143611,42,Tree (Standing Only),0,The First Harmful Event was Not a Collision with a Motor Vehicle in Transport,0,No,1,Non-Junction,1,Not an Intersection,4,On Roadside,0,None,1,Daylight,1,Clear,0,No,0000000,Not Applicable,8,8:00am-8:59am,37,37,8,8:00am-8:59am,48,48,99,Unknown,99,Unknown EMS Hospital Arrival Time,1
26,Michigan,260189,0,0,2,2,0,3,3,35,CLARE (35),0,NOT APPLICABLE,4,April,23,23,7,Saturday,2022,18,6:00pm-6:59pm,59,59,CR-E DOVER RD,S CLARE AVE,4,County Road,1,Rural,7,Local,2,County Highway Agency,0,This section IS NOT on the NHS,0,No Special Jurisdiction,30,30,43.887175,43.887175,-84.76799722,-84.76799722,12,Motor Vehicle In-Transport,6,Angle,0,No,2,Intersection,2,Four-Way Intersection,1,On Roadway,0,None,5,Dusk,1,Clear,0,No,0000000,Not Applicable,19,7:00pm-7:59pm,0,0,19,7:00pm-7:59pm,22,22,99,Unknown,99,Unknown EMS Hospital Arrival Time,1
26,Michigan,260190,0,0,2,2,0,3,3,163,WAYNE (163),1260,DETROIT,3,March,29,29,3,Tuesday,2022,23,11:00pm-11:59pm,44,44,VISGER ST,BEATRICE ST,6,Local Street - Municipality,2,Urban,5,Major Collector,4,City or Municipal Highway Agency,0,This section IS NOT on the NHS,0,No Special Jurisdiction,3,3,42.26600556,42.26600556,-83.15654444,-83.15654444,12,Motor Vehicle In-Transport,6,Angle,0,No,2,Intersection,2,Four-Way Intersection,1,On Roadway,0,None,3,Dark - Lighted,1,Clear,0,No,0000000,Not Applicable,99,Unknown,99,Unknown,99,Unknown EMS Scene Arrival Hour,99,Unknown EMS Scene Arrival Minutes,99,Unknown,99,Unknown EMS Hospital Arrival Time,1
26,Michigan,260191,0,0,2,2,0,2,2,31,CHEBOYGAN (31),0,NOT APPLICABLE,4,April,27,27,4,Wednesday,2022,5,5:00am-5:59am,25,25,SR-68/33 HWY,NA,3,State Highway,1,Rural,4,Minor Arterial,1,State Highway Agency,0,This section IS NOT on the NHS,0,No Special Jurisdiction,109,109,45.37311111,45.37311111,-84.42378056,-84.42378056,12,Motor Vehicle In-Transport,2,Front-to-Front,0,No,1,Non-Junction,1,Not an Intersection,1,On Roadway,0,None,2,Dark - Not Lighted,4,Snow,0,No,0000000,Not Applicable,5,5:00am-5:59am,25,25,5,5:00am-5:59am,39,39,88,Not Applicable (Not Transported),88,Not Applicable (Not Transported),1
26,Michigan,260192,0,0,2,2,0,2,2,75,JACKSON (75),2764,LEONI,3,March,30,30,4,Wednesday,2022,21,9:00pm-9:59pm,16,16,CR-PAGE AVE,NA,4,County Road,2,Urban,4,Minor Arterial,2,County Highway Agency,0,This section IS NOT on the NHS,0,No Special Jurisdiction,27,27,42.23786667,42.23786667,-84.34371944,-84.34371944,12,Motor Vehicle In-Transport,1,Front-to-Rear,0,No,1,Non-Junction,1,Not an Intersection,1,On Roadway,0,None,3,Dark - Lighted,10,Cloudy,0,No,0000000,Not Applicable,21,9:00pm-9:59pm,16,16,21,9:00pm-9:59pm,18,18,88,Not Applicable (Not Transported),88,Not Applicable (Not Transported),1
26,Michigan,260193,0,0,2,2,0,2,2,5,ALLEGAN (5),0,NOT APPLICABLE,4,April,4,4,2,Monday,2022,13,1:00pm-1:59pm,19,19,SR-40,CR-110TH AVE,3,State Highway,1,Rural,4,Minor Arterial,1,State Highway Agency,0,This section IS NOT on the NHS,0,No Special Jurisdiction,52,52,42.492825,42.492825,-85.85784722,-85.85784722,12,Motor Vehicle In-Transport,6,Angle,0,No,2,Intersection,2,Four-Way Intersection,1,On Roadway,0,None,1,Daylight,2,Rain,0,No,0000000,Not Applicable,99,Unknown,99,Unknown,99,Unknown EMS Scene Arrival Hour,99,Unknown EMS Scene Arrival Minutes,99,Unknown,99,Unknown EMS Hospital Arrival Time,1
26,Michigan,260194,0,0,1,1,0,1,1,163,WAYNE (163),1260,DETROIT,3,March,23,23,4,Wednesday,2022,22,10:00pm-10:59pm,36,36,I-96,NA,1,Interstate,2,Urban,1,Interstate,1,State Highway Agency,1,This section IS ON the NHS,0,No Special Jurisdiction,54,54,42.38333333,42.38333333,-83.14963889,-83.14963889,1,Rollover/Overturn,0,The First Harmful Event was Not a Collision with a Motor Vehicle in Transport,0,No,1,Non-Junction,1,Not an Intersection,4,On Roadside,0,None,2,Dark - Not Lighted,1,Clear,0,No,0000000,Not Applicable,99,Unknown,99,Unknown,99,Unknown EMS Scene Arrival Hour,99,Unknown EMS Scene Arrival Minutes,88,Not Applicable (Not Transported),88,Not Applicable (Not Transported),1
26,Michigan,260195,0,0,2,2,0,2,2,77,KALAMAZOO (77),2520,KALAMAZOO,3,March,31,31,5,Thursday,2022,1,1:00am-1:59am,45,45,PARK ST,PATERSON ST,6,Local Street - Municipality,2,Urban,3,Principal Arterial - Other,1,State Highway Agency,1,This section IS ON the NHS,0,No Special Jurisdiction,8,8,42.30336389,42.30336389,-85.58761111,-85.58761111,12,Motor Vehicle In-Transport,6,Angle,0,No,2,Intersection,2,Four-Way Intersection,1,On Roadway,0,None,3,Dark - Lighted,10,Cloudy,0,No,0000000,Not Applicable,99,Unknown,99,Unknown,99,Unknown EMS Scene Arrival Hour,99,Unknown EMS Scene Arrival Minutes,88,Not Applicable (Not Transported),88,Not Applicable (Not Transported),1
26,Michigan,260196,0,0,2,2,0,4,4,163,WAYNE (163),1260,DETROIT,4,April,28,28,5,Thursday,2022,0,0:00am-0:59am,30,30,SR-102 W 8 MILE RD,SOUTHFIELD SERVICE DR,3,State Highway,2,Urban,3,Principal Arterial - Other,1,State Highway Agency,1,This section IS ON the NHS,0,No Special Jurisdiction,52,52,42.44424722,42.44424722,-83.21926111,-83.21926111,12,Motor Vehicle In-Transport,6,Angle,0,No,2,Intersection,2,Four-Way Intersection,1,On Roadway,0,None,3,Dark - Lighted,1,Clear,0,No,0000000,Not Applicable,99,Unknown,99,Unknown,99,Unknown EMS Scene Arrival Hour,99,Unknown EMS Scene Arrival Minutes,99,Unknown,99,Unknown EMS Hospital Arrival Time,1
26,Michigan,260197,0,0,1,1,0,1,1,39,CRAWFORD (39),0,NOT APPLICABLE,3,March,21,21,2,Monday,2022,17,5:00pm-5:59pm,47,47,I-75,NA,1,Interstate,1,Rural,1,Interstate,1,State Highway Agency,1,This section IS ON the NHS,0,No Special Jurisdiction,239,239,44.84126389,44.84126389,-84.70751111,-84.70751111,42,Tree (Standing Only),0,The First Harmful Event was Not a Collision with a Motor Vehicle in Transport,0,No,1,Non-Junction,1,Not an Intersection,4,On Roadside,0,None,1,Daylight,11,Blowing Snow,0,No,0000000,Not Applicable,99,Unknown,98,Unknown if Notified,99,Unknown EMS Scene Arrival Hour,98,Unknown if Arrived,88,Not Applicable (Not Transported),88,Not Applicable (Not Transported),1
26,Michigan,260198,0,0,2,2,0,2,2,125,OAKLAND (125),208,ABURN HILLS,3,March,3,3,5,Thursday,2022,6,6:00am-6:59am,26,26,CR-BROWN RD,NA,4,County Road,2,Urban,4,Minor Arterial,2,County Highway Agency,0,This section IS NOT on the NHS,0,No Special Jurisdiction,17,17,42.70796389,42.70796389,-83.27006667,-83.27006667,12,Motor Vehicle In-Transport,2,Front-to-Front,0,No,1,Non-Junction,1,Not an Intersection,1,On Roadway,0,None,2,Dark - Not Lighted,1,Clear,0,No,0000000,Not Applicable,6,6:00am-6:59am,26,26,6,6:00am-6:59am,31,31,88,Not Applicable (Not Transported),88,Not Applicable (Not Transported),1
26,Michigan,260199,1,1,1,1,0,1,1,49,GENESEE (49),1730,FLINT,2,February,9,9,4,Wednesday,2022,20,8:00pm-8:59pm,36,36,PIERSON RD,NA,6,Local Street - Municipality,2,Urban,3,Principal Arterial - Other,4,City or Municipal Highway Agency,1,This section IS ON the NHS,0,No Special Jurisdiction,61,61,43.06103333,43.06103333,-83.70193611,-83.70193611,8,Pedestrian,0,The First Harmful Event was Not a Collision with a Motor Vehicle in Transport,0,No,1,Non-Junction,1,Not an Intersection,1,On Roadway,0,None,3,Dark - Lighted,1,Clear,0,No,0000000,Not Applicable,20,8:00pm-8:59pm,36,36,20,8:00pm-8:59pm,40,40,99,Unknown,99,Unknown EMS Hospital Arrival Time,1
26,Michigan,260200,1,1,2,2,0,2,2,125,OAKLAND (125),512,BLOOMFIELD VILLAGE,4,April,30,30,7,Saturday,2022,1,1:00am-1:59am,37,37,I-75,NA,1,Interstate,2,Urban,1,Interstate,1,State Highway Agency,1,This section IS ON the NHS,0,No Special Jurisdiction,171,171,42.61997222,42.61997222,-83.23523611,-83.23523611,8,Pedestrian,0,The First Harmful Event was Not a Collision with a Motor Vehicle in Transport,1,Yes,18,Through Roadway,1,Not an Intersection,1,On Roadway,0,None,2,Dark - Not Lighted,1,Clear,0,No,0000000,Not Applicable,1,1:00am-1:59am,40,40,1,1:00am-1:59am,49,49,88,Not Applicable (Not Transported),88,Not Applicable (Not Transported),1
26,Michigan,260201,0,0,2,2,0,2,2,163,WAYNE (163),1260,DETROIT,2,February,6,6,1,Sunday,2022,6,6:00am-6:59am,43,43,SR-10,NA,3,State Highway,2,Urban,2,Principal Arterial - Other Freeways and Expressways,1,State Highway Agency,1,This section IS ON the NHS,0,No Special Jurisdiction,35,35,42.40499722,42.40499722,-83.15908056,-83.15908056,12,Motor Vehicle In-Transport,1,Front-to-Rear,1,Yes,18,Through Roadway,1,Not an Intersection,1,On Roadway,0,None,3,Dark - Lighted,10,Cloudy,0,No,0000000,Not Applicable,99,Unknown,99,Unknown,99,Unknown EMS Scene Arrival Hour,99,Unknown EMS Scene Arrival Minutes,99,Unknown,99,Unknown EMS Hospital Arrival Time,1
26,Michigan,260202,0,0,1,1,0,3,3,125,OAKLAND (125),5166,W. BLOOMFIELD,4,April,18,18,2,Monday,2022,20,8:00pm-8:59pm,37,37,CR-BRANFORD DR,NA,4,County Road,2,Urban,7,Local,2,County Highway Agency,0,This section IS NOT on the NHS,0,No Special Jurisdiction,7,7,42.5485,42.5485,-83.42057778,-83.42057778,43,Other Fixed Object,0,The First Harmful Event was Not a Collision with a Motor Vehicle in Transport,0,No,1,Non-Junction,1,Not an Intersection,4,On Roadside,0,None,5,Dusk,4,Snow,0,No,0000000,Not Applicable,20,8:00pm-8:59pm,39,39,20,8:00pm-8:59pm,44,44,88,Not Applicable (Not Transported),88,Not Applicable (Not Transported),1
26,Michigan,260203,0,0,3,3,0,5,5,77,KALAMAZOO (77),1084,COMSTOCK,3,March,16,16,4,Wednesday,2022,11,11:00am-11:59am,10,10,SR-343 GULL RD,NA,3,State Highway,2,Urban,4,Minor Arterial,1,State Highway Agency,0,This section IS NOT on the NHS,0,No Special Jurisdiction,39,39,42.32894444,42.32894444,-85.51061111,-85.51061111,12,Motor Vehicle In-Transport,6,Angle,0,No,8,Driveway Access Related,1,Not an Intersection,1,On Roadway,0,None,1,Daylight,1,Clear,0,No,0000000,Not Applicable,99,Unknown,99,Unknown,99,Unknown EMS Scene Arrival Hour,99,Unknown EMS Scene Arrival Minutes,88,Not Applicable (Not Transported),88,Not Applicable (Not Transported),1
26,Michigan,260204,0,0,1,1,0,1,1,143,ROSCOMMON (143),0,NOT APPLICABLE,4,April,30,30,7,Saturday,2022,2,2:00am-2:59am,49,49,SR-55 W HOUGHTON LAKE DR,NA,3,State Highway,2,Urban,4,Minor Arterial,1,State Highway Agency,0,This section IS NOT on the NHS,0,No Special Jurisdiction,31,31,44.33560833,44.33560833,-84.79174167,-84.79174167,1,Rollover/Overturn,0,The First Harmful Event was Not a Collision with a Motor Vehicle in Transport,0,No,1,Non-Junction,1,Not an Intersection,4,On Roadside,0,None,3,Dark - Lighted,1,Clear,0,No,0000000,Not Applicable,99,Unknown,99,Unknown,99,Unknown EMS Scene Arrival Hour,99,Unknown EMS Scene Arrival Minutes,88,Not Applicable (Not Transported),88,Not Applicable (Not Transported),1
26,Michigan,260205,0,0,1,1,0,2,2,163,WAYNE (163),4975,VAN BOWEN,4,April,25,25,2,Monday,2022,13,1:00pm-1:59pm,20,20,CR-ECORSE RD,NA,4,County Road,2,Urban,4,Minor Arterial,2,County Highway Agency,0,This section IS NOT on the NHS,0,No Special Jurisdiction,10,10,42.2484,42.2484,-83.54096667,-83.54096667,42,Tree (Standing Only),0,The First Harmful Event was Not a Collision with a Motor Vehicle in Transport,0,No,1,Non-Junction,1,Not an Intersection,4,On Roadside,0,None,1,Daylight,2,Rain,0,No,0000000,Not Applicable,99,Unknown,99,Unknown,99,Unknown EMS Scene Arrival Hour,99,Unknown EMS Scene Arrival Minutes,99,Unknown,99,Unknown EMS Hospital Arrival Time,1
26,Michigan,260206,1,1,1,1,0,1,1,163,WAYNE (163),738,CANTON TOWNSHIP,3,March,11,11,6,Friday,2022,23,11:00pm-11:59pm,18,18,I-275,NA,1,Interstate,2,Urban,1,Interstate,1,State Highway Agency,1,This section IS ON the NHS,0,No Special Jurisdiction,169,169,42.31766944,42.31766944,-83.443375,-83.443375,8,Pedestrian,0,The First Harmful Event was Not a Collision with a Motor Vehicle in Transport,0,No,1,Non-Junction,1,Not an Intersection,1,On Roadway,1,Construction,3,Dark - Lighted,1,Clear,0,No,0000000,Not Applicable,23,11:00pm-11:59pm,18,18,99,Unknown EMS Scene Arrival Hour,99,Unknown EMS Scene Arrival Minutes,88,Not Applicable (Not Transported),88,Not Applicable (Not Transported),1
26,Michigan,260207,0,0,3,3,0,3,3,81,KENT (81),2010,GRAND RAPIDS,3,March,27,27,1,Sunday,2022,3,3:00am-3:59am,14,14,US-131,NA,2,US Highway,2,Urban,2,Principal Arterial - Other Freeways and Expressways,1,State Highway Agency,1,This section IS ON the NHS,0,No Special Jurisdiction,109,109,42.92505833,42.92505833,-85.68201944,-85.68201944,12,Motor Vehicle In-Transport,2,Front-to-Front,0,No,1,Non-Junction,1,Not an Intersection,1,On Roadway,0,None,3,Dark - Lighted,10,Cloudy,0,No,0000000,Not Applicable,99,Unknown,99,Unknown,99,Unknown EMS Scene Arrival Hour,99,Unknown EMS Scene Arrival Minutes,99,Unknown,99,Unknown EMS Hospital Arrival Time,1
26,Michigan,260208,0,0,1,1,0,1,1,115,MONROE (115),1586,ERIE,3,March,28,28,2,Monday,2022,3,3:00am-3:59am,30,30,SUMMIT ST,NA,8,Other,1,Rural,4,Minor Arterial,98,Not Reported,0,This section IS NOT on the NHS,0,No Special Jurisdiction,9,9,41.77741111,41.77741111,-83.4903,-83.4903,1,Rollover/Overturn,0,The First Harmful Event was Not a Collision with a Motor Vehicle in Transport,0,No,1,Non-Junction,1,Not an Intersection,4,On Roadside,0,None,2,Dark - Not Lighted,1,Clear,0,No,0000000,Not Applicable,3,3:00am-3:59am,39,39,4,4:00am-4:59am,23,23,99,Unknown,99,Unknown EMS Hospital Arrival Time,1
26,Michigan,260209,1,1,1,1,0,1,1,99,MACOMB (99),4731,STERLING HEIGHTS,3,March,8,8,3,Tuesday,2022,13,1:00pm-1:59pm,30,30,SR-53 VAN DYKE AVE,14 MILE RD,3,State Highway,2,Urban,3,Principal Arterial - Other,1,State Highway Agency,1,This section IS ON the NHS,0,No Special Jurisdiction,61,61,42.53681389,42.53681389,-83.02945,-83.02945,9,Pedalcyclist,0,The First Harmful Event was Not a Collision with a Motor Vehicle in Transport,0,No,3,Intersection-Related,2,Four-Way Intersection,1,On Roadway,0,None,1,Daylight,1,Clear,0,No,0000000,Not Applicable,13,1:00pm-1:59pm,31,31,13,1:00pm-1:59pm,35,35,99,Unknown,99,Unknown EMS Hospital Arrival Time,1
26,Michigan,260210,0,0,1,1,0,1,1,49,GENESEE (49),1730,FLINT,3,March,22,22,3,Tuesday,2022,9,9:00am-9:59am,7,7,PIERSON RD,INDUSTRIAL AVE,6,Local Street - Municipality,2,Urban,3,Principal Arterial - Other,4,City or Municipal Highway Agency,1,This section IS ON the NHS,0,No Special Jurisdiction,68,68,43.0611,43.0611,-83.68743889,-83.68743889,30,Utility Pole/Light Support,0,The First Harmful Event was Not a Collision with a Motor Vehicle in Transport,0,No,3,Intersection-Related,2,Four-Way Intersection,4,On Roadside,0,None,1,Daylight,1,Clear,0,No,0000000,Not Applicable,9,9:00am-9:59am,8,8,9,9:00am-9:59am,14,14,99,Unknown,99,Unknown EMS Hospital Arrival Time,1
26,Michigan,260211,0,0,1,1,0,2,2,35,CLARE (35),0,NOT APPLICABLE,4,April,19,19,3,Tuesday,2022,9,9:00am-9:59am,55,55,SR-US-127 BR CLARE AVE,NA,3,State Highway,1,Rural,5,Major Collector,1,State Highway Agency,0,This section IS NOT on the NHS,0,No Special Jurisdiction,15,15,44.04173056,44.04173056,-84.808375,-84.808375,53,Mail Box,0,The First Harmful Event was Not a Collision with a Motor Vehicle in Transport,0,No,1,Non-Junction,1,Not an Intersection,4,On Roadside,0,None,1,Daylight,10,Cloudy,0,No,0000000,Not Applicable,10,10:00am-10:59am,0,0,10,10:00am-10:59am,7,7,99,Unknown,99,Unknown EMS Hospital Arrival Time,1
26,Michigan,260212,0,0,1,1,0,2,2,41,DELTA (41),0,NOT APPLICABLE,4,April,13,13,4,Wednesday,2022,3,3:00am-3:59am,44,44,CR-21ST ST,NA,4,County Road,1,Rural,4,Minor Arterial,2,County Highway Agency,0,This section IS NOT on the NHS,0,No Special Jurisdiction,74,74,45.84068889,45.84068889,-87.07690556,-87.07690556,1,Rollover/Overturn,0,The First Harmful Event was Not a Collision with a Motor Vehicle in Transport,0,No,1,Non-Junction,1,Not an Intersection,4,On Roadside,0,None,2,Dark - Not Lighted,2,Rain,0,No,0000000,Not Applicable,3,3:00am-3:59am,47,47,4,4:00am-4:59am,3,3,99,Unknown,99,Unknown EMS Hospital Arrival Time,1
26,Michigan,260213,0,0,1,1,0,1,1,163,WAYNE (163),1260,DETROIT,5,May,1,1,1,Sunday,2022,1,1:00am-1:59am,0,0,W CHICAGO ST,MANSFIELD ST,6,Local Street - Municipality,2,Urban,7,Local,4,City or Municipal Highway Agency,0,This section IS NOT on the NHS,0,No Special Jurisdiction,5,5,42.365425,42.365425,-83.20374167,-83.20374167,42,Tree (Standing Only),0,The First Harmful Event was Not a Collision with a Motor Vehicle in Transport,0,No,3,Intersection-Related,3,T-Intersection,4,On Roadside,0,None,3,Dark - Lighted,1,Clear,0,No,0000000,Not Applicable,99,Unknown,99,Unknown,99,Unknown EMS Scene Arrival Hour,99,Unknown EMS Scene Arrival Minutes,88,Not Applicable (Not Transported),88,Not Applicable (Not Transported),1
26,Michigan,260214,0,0,2,2,0,4,4,89,LEELANAU (89),0,NOT APPLICABLE,5,May,7,7,7,Saturday,2022,13,1:00pm-1:59pm,15,15,CR-E CHERRY BEND RD,NA,4,County Road,2,Urban,5,Major Collector,2,County Highway Agency,0,This section IS NOT on the NHS,0,No Special Jurisdiction,3,3,44.81683056,44.81683056,-85.66269722,-85.66269722,12,Motor Vehicle In-Transport,6,Angle,0,No,1,Non-Junction,1,Not an Intersection,1,On Roadway,0,None,1,Daylight,1,Clear,0,No,0000000,Not Applicable,13,1:00pm-1:59pm,15,15,13,1:00pm-1:59pm,20,20,99,Unknown,99,Unknown EMS Hospital Arrival Time,2
26,Michigan,260215,0,0,1,1,0,1,1,17,BAY (17),0,NOT APPLICABLE,4,April,2,2,7,Saturday,2022,3,3:00am-3:59am,4,4,CR-7 MILE RD,NA,4,County Road,1,Rural,5,Major Collector,2,County Highway Agency,0,This section IS NOT on the NHS,0,No Special Jurisdiction,167,167,43.76678333,43.76678333,-84.02748611,-84.02748611,34,Ditch,0,The First Harmful Event was Not a Collision with a Motor Vehicle in Transport,0,No,1,Non-Junction,1,Not an Intersection,4,On Roadside,0,None,2,Dark - Not Lighted,1,Clear,0,No,0000000,Not Applicable,3,3:00am-3:59am,5,5,3,3:00am-3:59am,18,18,88,Not Applicable (Not Transported),88,Not Applicable (Not Transported),1
26,Michigan,260216,0,0,1,1,0,1,1,145,SAGINAW (145),4350,SAGINAW,5,May,7,7,7,Saturday,2022,2,2:00am-2:59am,34,34,MAPLE ST,DIVISION ST,6,Local Street - Municipality,2,Urban,7,Local,4,City or Municipal Highway Agency,0,This section IS NOT on the NHS,0,No Special Jurisdiction,12,12,43.41149444,43.41149444,-83.98516389,-83.98516389,33,Curb,0,The First Harmful Event was Not a Collision with a Motor Vehicle in Transport,0,No,3,Intersection-Related,2,Four-Way Intersection,4,On Roadside,0,None,3,Dark - Lighted,1,Clear,0,No,0000000,Not Applicable,99,Unknown,99,Unknown,99,Unknown EMS Scene Arrival Hour,99,Unknown EMS Scene Arrival Minutes,88,Not Applicable (Not Transported),88,Not Applicable (Not Transported),1
26,Michigan,260217,0,0,1,1,0,1,1,15,BARRY (15),0,NOT APPLICABLE,5,May,5,5,5,Thursday,2022,15,3:00pm-3:59pm,40,40,SR-43,NA,3,State Highway,1,Rural,4,Minor Arterial,1,State Highway Agency,0,This section IS NOT on the NHS,0,No Special Jurisdiction,149,149,42.6019,42.6019,-85.35702778,-85.35702778,42,Tree (Standing Only),0,The First Harmful Event was Not a Collision with a Motor Vehicle in Transport,0,No,1,Non-Junction,1,Not an Intersection,4,On Roadside,0,None,1,Daylight,10,Cloudy,0,No,0000000,Not Applicable,15,3:00pm-3:59pm,40,40,15,3:00pm-3:59pm,55,55,99,Unknown,99,Unknown EMS Hospital Arrival Time,1
26,Michigan,260218,0,0,1,1,0,1,1,107,MECOSTA (107),0,NOT APPLICABLE,4,April,2,2,7,Saturday,2022,17,5:00pm-5:59pm,8,8,US-131,NA,2,US Highway,2,Urban,2,Principal Arterial - Other Freeways and Expressways,1,State Highway Agency,1,This section IS ON the NHS,0,No Special Jurisdiction,155,155,43.68666389,43.68666389,-85.52061111,-85.52061111,21,Bridge Pier or Support,0,The First Harmful Event was Not a Collision with a Motor Vehicle in Transport,0,No,1,Non-Junction,1,Not an Intersection,3,On Median,0,None,1,Daylight,1,Clear,0,No,0000000,Not Applicable,17,5:00pm-5:59pm,9,9,17,5:00pm-5:59pm,21,21,88,Not Applicable (Not Transported),88,Not Applicable (Not Transported),1
26,Michigan,260219,0,0,3,3,0,3,3,129,OGEMAW (129),0,NOT APPLICABLE,5,May,9,9,2,Monday,2022,10,10:00am-10:59am,9,9,SR-33,NA,3,State Highway,1,Rural,3,Principal Arterial - Other,1,State Highway Agency,1,This section IS ON the NHS,0,No Special Jurisdiction,154,154,44.38323333,44.38323333,-84.11604722,-84.11604722,12,Motor Vehicle In-Transport,1,Front-to-Rear,0,No,8,Driveway Access Related,1,Not an Intersection,1,On Roadway,0,None,1,Daylight,1,Clear,0,No,0000000,Not Applicable,99,Unknown,99,Unknown,99,Unknown EMS Scene Arrival Hour,99,Unknown EMS Scene Arrival Minutes,88,Not Applicable (Not Transported),88,Not Applicable (Not Transported),1
26,Michigan,260220,0,0,1,1,0,1,1,35,CLARE (35),0,NOT APPLICABLE,4,April,4,4,2,Monday,2022,14,2:00pm-2:59pm,3,3,US-127,NA,2,US Highway,1,Rural,2,Principal Arterial - Other Freeways and Expressways,1,State Highway Agency,1,This section IS ON the NHS,0,No Special Jurisdiction,159,159,44.034775,44.034775,-84.77914444,-84.77914444,34,Ditch,0,The First Harmful Event was Not a Collision with a Motor Vehicle in Transport,0,No,1,Non-Junction,1,Not an Intersection,3,On Median,0,None,1,Daylight,4,Snow,0,No,0000000,Not Applicable,14,2:00pm-2:59pm,6,6,14,2:00pm-2:59pm,18,18,88,Not Applicable (Not Transported),88,Not Applicable (Not Transported),1
26,Michigan,260221,0,0,2,2,0,6,6,81,KENT (81),0,NOT APPLICABLE,5,May,7,7,7,Saturday,2022,19,7:00pm-7:59pm,11,11,CR-SPARTA AVE NW,BALL CREEK RD NW,4,County Road,1,Rural,5,Major Collector,2,County Highway Agency,0,This section IS NOT on the NHS,0,No Special Jurisdiction,46,46,43.19419167,43.19419167,-85.71157222,-85.71157222,12,Motor Vehicle In-Transport,6,Angle,0,No,2,Intersection,3,T-Intersection,1,On Roadway,0,None,1,Daylight,1,Clear,0,No,0000000,Not Applicable,99,Unknown,99,Unknown,99,Unknown EMS Scene Arrival Hour,99,Unknown EMS Scene Arrival Minutes,99,Unknown,99,Unknown EMS Hospital Arrival Time,1
26,Michigan,260222,0,0,2,2,0,2,2,137,OTSEGO (137),0,NOT APPLICABLE,4,April,1,1,6,Friday,2022,17,5:00pm-5:59pm,25,25,CR-MCCOY RD,NA,4,County Road,2,Urban,4,Minor Arterial,2,County Highway Agency,0,This section IS NOT on the NHS,0,No Special Jurisdiction,2,2,45.00302778,45.00302778,-84.68211389,-84.68211389,12,Motor Vehicle In-Transport,1,Front-to-Rear,0,No,8,Driveway Access Related,1,Not an Intersection,1,On Roadway,0,None,1,Daylight,1,Clear,0,No,0000000,Not Applicable,18,6:00pm-6:59pm,0,0,18,6:00pm-6:59pm,7,7,99,Unknown,99,Unknown EMS Hospital Arrival Time,1
26,Michigan,260223,0,0,1,1,0,1,1,107,MECOSTA (107),0,NOT APPLICABLE,4,April,6,6,4,Wednesday,2022,5,5:00am-5:59am,35,35,CR-11 MILE RD,NA,4,County Road,1,Rural,5,Major Collector,2,County Highway Agency,0,This section IS NOT on the NHS,0,No Special Jurisdiction,7,7,43.62585833,43.62585833,-85.20638889,-85.20638889,34,Ditch,0,The First Harmful Event was Not a Collision with a Motor Vehicle in Transport,0,No,1,Non-Junction,1,Not an Intersection,4,On Roadside,0,None,2,Dark - Not Lighted,2,Rain,0,No,0000000,Not Applicable,5,5:00am-5:59am,37,37,5,5:00am-5:59am,45,45,88,Not Applicable (Not Transported),88,Not Applicable (Not Transported),1
26,Michigan,260224,0,0,1,1,0,1,1,121,MUSKEGON (121),0,NOT APPLICABLE,4,April,9,9,7,Saturday,2022,2,2:00am-2:59am,13,13,CR-WHITE RD,NA,4,County Road,1,Rural,6,Minor Collector,2,County Highway Agency,0,This section IS NOT on the NHS,0,No Special Jurisdiction,7,7,43.26471667,43.26471667,-85.97251944,-85.97251944,1,Rollover/Overturn,0,The First Harmful Event was Not a Collision with a Motor Vehicle in Transport,0,No,1,Non-Junction,1,Not an Intersection,4,On Roadside,0,None,2,Dark - Not Lighted,4,Snow,0,No,0000000,Not Applicable,2,2:00am-2:59am,13,13,2,2:00am-2:59am,28,28,88,Not Applicable (Not Transported),88,Not Applicable (Not Transported),1
26,Michigan,260225,0,0,2,2,0,2,2,35,CLARE (35),0,NOT APPLICABLE,4,April,15,15,6,Friday,2022,18,6:00pm-6:59pm,56,56,SR-115 CADILLAC RD,NA,3,State Highway,1,Rural,3,Principal Arterial - Other,1,State Highway Agency,0,This section IS NOT on the NHS,0,No Special Jurisdiction,120,120,43.86791667,43.86791667,-84.91573889,-84.91573889,1,Rollover/Overturn,0,The First Harmful Event was Not a Collision with a Motor Vehicle in Transport,0,No,8,Driveway Access Related,1,Not an Intersection,1,On Roadway,0,None,1,Daylight,1,Clear,0,No,0000000,Not Applicable,18,6:00pm-6:59pm,58,58,19,7:00pm-7:59pm,15,15,99,Unknown,99,Unknown EMS Hospital Arrival Time,1
26,Michigan,260226,0,0,2,2,0,2,2,27,CASS (27),0,NOT APPLICABLE,4,April,14,14,5,Thursday,2022,6,6:00am-6:59am,36,36,SR-60,NA,3,State Highway,1,Rural,4,Minor Arterial,1,State Highway Agency,0,This section IS NOT on the NHS,0,No Special Jurisdiction,175,175,41.91881667,41.91881667,-85.94869444,-85.94869444,12,Motor Vehicle In-Transport,2,Front-to-Front,0,No,1,Non-Junction,1,Not an Intersection,1,On Roadway,0,None,4,Dawn,1,Clear,0,No,0000000,Not Applicable,99,Unknown,99,Unknown,99,Unknown EMS Scene Arrival Hour,99,Unknown EMS Scene Arrival Minutes,99,Unknown,99,Unknown EMS Hospital Arrival Time,1
26,Michigan,260227,0,0,2,2,0,4,4,93,LIVINGSTON (93),0,NOT APPLICABLE,5,May,11,11,4,Wednesday,2022,1,1:00am-1:59am,47,47,I-96,NA,1,Interstate,2,Urban,1,Interstate,1,State Highway Agency,1,This section IS ON the NHS,0,No Special Jurisdiction,77,77,42.62648333,42.62648333,-84.00468056,-84.00468056,12,Motor Vehicle In-Transport,2,Front-to-Front,0,No,1,Non-Junction,1,Not an Intersection,1,On Roadway,0,None,2,Dark - Not Lighted,1,Clear,0,No,0000000,Not Applicable,99,Unknown,99,Unknown,99,Unknown EMS Scene Arrival Hour,99,Unknown EMS Scene Arrival Minutes,99,Unknown,99,Unknown EMS Hospital Arrival Time,2
26,Michigan,260228,0,0,1,1,0,2,2,25,CALHOUN (25),0,NOT APPLICABLE,5,May,9,9,2,Monday,2022,21,9:00pm-9:59pm,4,4,CR-S COLLIER RD,NA,4,County Road,2,Urban,7,Local,2,County Highway Agency,0,This section IS NOT on the NHS,0,No Special Jurisdiction,7,7,42.36393333,42.36393333,-85.259575,-85.259575,1,Rollover/Overturn,0,The First Harmful Event was Not a Collision with a Motor Vehicle in Transport,0,No,1,Non-Junction,1,Not an Intersection,4,On Roadside,0,None,2,Dark - Not Lighted,1,Clear,0,No,0000000,Not Applicable,99,Unknown,99,Unknown,99,Unknown EMS Scene Arrival Hour,99,Unknown EMS Scene Arrival Minutes,99,Unknown,99,Unknown EMS Hospital Arrival Time,1
26,Michigan,260229,0,0,2,2,0,2,2,75,JACKSON (75),0,NOT APPLICABLE,5,May,11,11,4,Wednesday,2022,22,10:00pm-10:59pm,47,47,CR-FOX RD,NA,4,County Road,2,Urban,7,Local,2,County Highway Agency,0,This section IS NOT on the NHS,0,No Special Jurisdiction,3,3,42.25471389,42.25471389,-84.28948889,-84.28948889,12,Motor Vehicle In-Transport,2,Front-to-Front,0,No,1,Non-Junction,1,Not an Intersection,1,On Roadway,0,None,3,Dark - Lighted,10,Cloudy,0,No,0000000,Not Applicable,99,Unknown,99,Unknown,99,Unknown EMS Scene Arrival Hour,99,Unknown EMS Scene Arrival Minutes,88,Not Applicable (Not Transported),88,Not Applicable (Not Transported),1
26,Michigan,260230,1,1,1,1,0,1,1,125,OAKLAND (125),3641,OAK PARK,4,April,18,18,2,Monday,2022,21,9:00pm-9:59pm,9,9,COOLIDGE HWY,NA,6,Local Street - Municipality,2,Urban,4,Minor Arterial,4,City or Municipal Highway Agency,0,This section IS NOT on the NHS,0,No Special Jurisdiction,18,18,42.47272778,42.47272778,-83.18259722,-83.18259722,8,Pedestrian,0,The First Harmful Event was Not a Collision with a Motor Vehicle in Transport,0,No,8,Driveway Access Related,1,Not an Intersection,1,On Roadway,0,None,3,Dark - Lighted,4,Snow,0,No,0000000,Not Applicable,21,9:00pm-9:59pm,11,11,21,9:00pm-9:59pm,19,19,99,Unknown,99,Unknown EMS Hospital Arrival Time,1
26,Michigan,260231,0,0,2,2,0,2,2,139,OTTAWA (139),0,NOT APPLICABLE,5,May,12,12,5,Thursday,2022,13,1:00pm-1:59pm,38,38,CR-E LAKEWOOD BLVD,BAYPARK DR,4,County Road,2,Urban,4,Minor Arterial,2,County Highway Agency,0,This section IS NOT on the NHS,0,No Special Jurisdiction,59,59,42.80469444,42.80469444,-86.09180278,-86.09180278,12,Motor Vehicle In-Transport,2,Front-to-Front,0,No,2,Intersection,2,Four-Way Intersection,1,On Roadway,0,None,1,Daylight,1,Clear,0,No,0000000,Not Applicable,99,Unknown,99,Unknown,99,Unknown EMS Scene Arrival Hour,99,Unknown EMS Scene Arrival Minutes,99,Unknown,99,Unknown EMS Hospital Arrival Time,1
26,Michigan,260232,0,0,1,1,0,1,1,147,ST. CLAIR (147),0,NOT APPLICABLE,4,April,25,25,2,Monday,2022,14,2:00pm-2:59pm,29,29,SR-25 LAKESHORE DR,NA,3,State Highway,2,Urban,3,Principal Arterial - Other,3,Town or Township Highway Agency,1,This section IS ON the NHS,0,No Special Jurisdiction,84,84,43.11054722,43.11054722,-82.49008611,-82.49008611,59,Traffic Sign Support,0,The First Harmful Event was Not a Collision with a Motor Vehicle in Transport,0,No,1,Non-Junction,1,Not an Intersection,4,On Roadside,0,None,1,Daylight,10,Cloudy,0,No,0000000,Not Applicable,14,2:00pm-2:59pm,39,39,14,2:00pm-2:59pm,57,57,99,Unknown,99,Unknown EMS Hospital Arrival Time,1
26,Michigan,260233,0,0,1,1,0,1,1,81,KENT (81),0,NOT APPLICABLE,5,May,15,15,1,Sunday,2022,1,1:00am-1:59am,16,16,CR-LINCOLN LAKE AVE NE,NA,4,County Road,1,Rural,5,Major Collector,2,County Highway Agency,0,This section IS NOT on the NHS,0,No Special Jurisdiction,170,170,43.110675,43.110675,-85.35258611,-85.35258611,42,Tree (Standing Only),0,The First Harmful Event was Not a Collision with a Motor Vehicle in Transport,0,No,1,Non-Junction,1,Not an Intersection,4,On Roadside,0,None,2,Dark - Not Lighted,1,Clear,0,No,0000000,Not Applicable,99,Unknown,99,Unknown,99,Unknown EMS Scene Arrival Hour,99,Unknown EMS Scene Arrival Minutes,88,Not Applicable (Not Transported),88,Not Applicable (Not Transported),1
26,Michigan,260234,0,0,1,1,0,2,2,27,CASS (27),0,NOT APPLICABLE,4,April,30,30,7,Saturday,2022,16,4:00pm-4:59pm,2,2,SR-60,NA,3,State Highway,1,Rural,4,Minor Arterial,1,State Highway Agency,0,This section IS NOT on the NHS,0,No Special Jurisdiction,251,251,41.90479722,41.90479722,-85.80753889,-85.80753889,42,Tree (Standing Only),0,The First Harmful Event was Not a Collision with a Motor Vehicle in Transport,0,No,1,Non-Junction,1,Not an Intersection,4,On Roadside,0,None,1,Daylight,10,Cloudy,0,No,0000000,Not Applicable,99,Unknown,99,Unknown,99,Unknown EMS Scene Arrival Hour,99,Unknown EMS Scene Arrival Minutes,88,Not Applicable (Not Transported),88,Not Applicable (Not Transported),1
26,Michigan,260235,0,0,1,1,0,1,1,123,NEWAYGO (123),0,NOT APPLICABLE,5,May,7,7,7,Saturday,2022,22,10:00pm-10:59pm,12,12,CR-13 MILE RD,NA,4,County Road,1,Rural,5,Major Collector,2,County Highway Agency,0,This section IS NOT on the NHS,0,No Special Jurisdiction,40,40,43.74166111,43.74166111,-85.95898889,-85.95898889,42,Tree (Standing Only),0,The First Harmful Event was Not a Collision with a Motor Vehicle in Transport,0,No,1,Non-Junction,1,Not an Intersection,4,On Roadside,0,None,2,Dark - Not Lighted,1,Clear,0,No,0000000,Not Applicable,99,Unknown,99,Unknown,99,Unknown EMS Scene Arrival Hour,99,Unknown EMS Scene Arrival Minutes,88,Not Applicable (Not Transported),88,Not Applicable (Not Transported),1
26,Michigan,260236,1,1,1,1,0,1,1,49,GENESEE (49),1730,FLINT,2,February,22,22,3,Tuesday,2022,21,9:00pm-9:59pm,42,42,WELCH BLVD,NA,6,Local Street - Municipality,2,Urban,3,Principal Arterial - Other,4,City or Municipal Highway Agency,1,This section IS ON the NHS,0,No Special Jurisdiction,10,10,43.03728889,43.03728889,-83.73053889,-83.73053889,8,Pedestrian,0,The First Harmful Event was Not a Collision with a Motor Vehicle in Transport,0,No,1,Non-Junction,1,Not an Intersection,1,On Roadway,0,None,2,Dark - Not Lighted,2,Rain,0,No,0000000,Not Applicable,21,9:00pm-9:59pm,43,43,21,9:00pm-9:59pm,46,46,88,Not Applicable (Not Transported),88,Not Applicable (Not Transported),1
26,Michigan,260237,0,0,1,1,0,1,1,65,INGHAM (65),2700,LANSING,3,March,15,15,3,Tuesday,2022,1,1:00am-1:59am,59,59,SR-43 OAKLAND AVE,NA,3,State Highway,2,Urban,3,Principal Arterial - Other,1,State Highway Agency,1,This section IS ON the NHS,0,No Special Jurisdiction,28,28,42.74353333,42.74353333,-84.53440556,-84.53440556,5,Fell/Jumped from Vehicle,0,The First Harmful Event was Not a Collision with a Motor Vehicle in Transport,0,No,1,Non-Junction,1,Not an Intersection,1,On Roadway,0,None,3,Dark - Lighted,1,Clear,0,No,0000000,Not Applicable,1,1:00am-1:59am,59,59,2,2:00am-2:59am,2,2,99,Unknown,99,Unknown EMS Hospital Arrival Time,1
26,Michigan,260238,1,1,1,1,0,1,1,65,INGHAM (65),2700,LANSING,4,April,8,8,6,Friday,2022,21,9:00pm-9:59pm,13,13,JOLLY RD,NA,6,Local Street - Municipality,2,Urban,3,Principal Arterial - Other,4,City or Municipal Highway Agency,1,This section IS ON the NHS,0,No Special Jurisdiction,26,26,42.68295833,42.68295833,-84.55139167,-84.55139167,15,Non-Motorist on Personal Conveyance,0,The First Harmful Event was Not a Collision with a Motor Vehicle in Transport,0,No,1,Non-Junction,1,Not an Intersection,1,On Roadway,0,None,3,Dark - Lighted,2,Rain,0,No,0000000,Not Applicable,21,9:00pm-9:59pm,12,12,21,9:00pm-9:59pm,16,16,99,Unknown,99,Unknown EMS Hospital Arrival Time,1
26,Michigan,260239,1,1,1,1,0,2,2,163,WAYNE (163),1260,DETROIT,4,April,6,6,4,Wednesday,2022,16,4:00pm-4:59pm,35,35,NEVADA ST,NA,6,Local Street - Municipality,2,Urban,4,Minor Arterial,4,City or Municipal Highway Agency,0,This section IS NOT on the NHS,0,No Special Jurisdiction,26,26,42.42601111,42.42601111,-83.05731389,-83.05731389,8,Pedestrian,0,The First Harmful Event was Not a Collision with a Motor Vehicle in Transport,0,No,1,Non-Junction,1,Not an Intersection,1,On Roadway,0,None,1,Daylight,2,Rain,1,Yes,0000000,Not Applicable,99,Unknown,99,Unknown,99,Unknown EMS Scene Arrival Hour,99,Unknown EMS Scene Arrival Minutes,99,Unknown,99,Unknown EMS Hospital Arrival Time,1
26,Michigan,260240,0,0,1,1,0,1,1,27,CASS (27),1320,DOWAGIAC,4,April,10,10,1,Sunday,2022,16,4:00pm-4:59pm,3,3,SR-51 SPRICE ST,PAUL ST,3,State Highway,2,Urban,4,Minor Arterial,1,State Highway Agency,0,This section IS NOT on the NHS,0,No Special Jurisdiction,91,91,41.98426389,41.98426389,-86.12190833,-86.12190833,33,Curb,0,The First Harmful Event was Not a Collision with a Motor Vehicle in Transport,0,No,3,Intersection-Related,2,Four-Way Intersection,4,On Roadside,0,None,1,Daylight,1,Clear,0,No,0000000,Not Applicable,99,Unknown,99,Unknown,99,Unknown EMS Scene Arrival Hour,99,Unknown EMS Scene Arrival Minutes,99,Unknown,99,Unknown EMS Hospital Arrival Time,1
26,Michigan,260241,0,0,1,1,0,2,2,125,OAKLAND (125),5166,W. BLOOMFIELD,4,April,23,23,7,Saturday,2022,22,10:00pm-10:59pm,51,51,CR-MAPLE RD,NA,4,County Road,2,Urban,3,Principal Arterial - Other,2,County Highway Agency,1,This section IS ON the NHS,0,No Special Jurisdiction,32,32,42.54132778,42.54132778,-83.42026111,-83.42026111,31,"Post, Pole or Other Supports",0,The First Harmful Event was Not a Collision with a Motor Vehicle in Transport,0,No,1,Non-Junction,1,Not an Intersection,4,On Roadside,0,None,3,Dark - Lighted,1,Clear,0,No,0000000,Not Applicable,22,10:00pm-10:59pm,57,57,23,11:00pm-11:59pm,1,1,99,Unknown,99,Unknown EMS Hospital Arrival Time,1
26,Michigan,260242,0,0,1,1,0,1,1,99,MACOMB (99),4731,STERLING HEIGHTS,1,January,15,15,7,Saturday,2022,15,3:00pm-3:59pm,33,33,RYAN RD,NA,6,Local Street - Municipality,2,Urban,4,Minor Arterial,4,City or Municipal Highway Agency,0,This section IS NOT on the NHS,0,No Special Jurisdiction,70,70,42.54916667,42.54916667,-83.06934444,-83.06934444,33,Curb,0,The First Harmful Event was Not a Collision with a Motor Vehicle in Transport,0,No,1,Non-Junction,1,Not an Intersection,4,On Roadside,0,None,1,Daylight,1,Clear,0,No,0000000,Not Applicable,15,3:00pm-3:59pm,34,34,15,3:00pm-3:59pm,38,38,99,Unknown,99,Unknown EMS Hospital Arrival Time,1
26,Michigan,260243,0,0,1,1,0,1,1,43,DICKINSON (43),0,NOT APPLICABLE,4,April,23,23,7,Saturday,2022,22,10:00pm-10:59pm,30,30,CR-581,NA,4,County Road,1,Rural,5,Major Collector,2,County Highway Agency,0,This section IS NOT on the NHS,0,No Special Jurisdiction,0,None,46.01485,46.01485,-87.83548889,-87.83548889,1,Rollover/Overturn,0,The First Harmful Event was Not a Collision with a Motor Vehicle in Transport,0,No,1,Non-Junction,1,Not an Intersection,4,On Roadside,0,None,2,Dark - Not Lighted,1,Clear,0,No,0000000,Not Applicable,99,Unknown,99,Unknown,99,Unknown EMS Scene Arrival Hour,99,Unknown EMS Scene Arrival Minutes,99,Unknown,99,Unknown EMS Hospital Arrival Time,1
26,Michigan,260244,0,0,1,1,0,1,1,149,ST JOSEPH (149),0,NOT APPLICABLE,4,April,15,15,6,Friday,2022,15,3:00pm-3:59pm,47,47,CR-VISTULA RD,NA,4,County Road,1,Rural,5,Major Collector,2,County Highway Agency,0,This section IS NOT on the NHS,0,No Special Jurisdiction,20,20,41.80619167,41.80619167,-85.72073056,-85.72073056,30,Utility Pole/Light Support,0,The First Harmful Event was Not a Collision with a Motor Vehicle in Transport,0,No,1,Non-Junction,1,Not an Intersection,4,On Roadside,0,None,1,Daylight,10,Cloudy,0,No,0000000,Not Applicable,15,3:00pm-3:59pm,51,51,16,4:00pm-4:59pm,5,5,88,Not Applicable (Not Transported),88,Not Applicable (Not Transported),1
26,Michigan,260245,0,0,1,1,0,1,1,59,HILLSDALE (59),0,NOT APPLICABLE,5,May,9,9,2,Monday,2022,16,4:00pm-4:59pm,30,30,CR-MILNES RD,NA,4,County Road,1,Rural,5,Major Collector,2,County Highway Agency,0,This section IS NOT on the NHS,0,No Special Jurisdiction,49,49,41.98590278,41.98590278,-84.59290833,-84.59290833,42,Tree (Standing Only),0,The First Harmful Event was Not a Collision with a Motor Vehicle in Transport,0,No,1,Non-Junction,1,Not an Intersection,4,On Roadside,0,None,1,Daylight,1,Clear,0,No,0000000,Not Applicable,99,Unknown,99,Unknown,99,Unknown EMS Scene Arrival Hour,99,Unknown EMS Scene Arrival Minutes,88,Not Applicable (Not Transported),88,Not Applicable (Not Transported),1
26,Michigan,260246,0,0,1,1,0,1,1,125,OAKLAND (125),0,NOT APPLICABLE,5,May,15,15,1,Sunday,2022,0,0:00am-0:59am,50,50,CR-LAKE ANGELUS RD,NA,4,County Road,2,Urban,7,Local,2,County Highway Agency,0,This section IS NOT on the NHS,0,No Special Jurisdiction,10,10,42.69836389,42.69836389,-83.33481389,-83.33481389,42,Tree (Standing Only),0,The First Harmful Event was Not a Collision with a Motor Vehicle in Transport,0,No,1,Non-Junction,1,Not an Intersection,4,On Roadside,0,None,2,Dark - Not Lighted,1,Clear,0,No,0000000,Not Applicable,99,Unknown,99,Unknown,99,Unknown EMS Scene Arrival Hour,99,Unknown EMS Scene Arrival Minutes,99,Unknown,99,Unknown EMS Hospital Arrival Time,1
26,Michigan,260247,0,0,1,1,0,1,1,161,WASHTENAW (161),0,NOT APPLICABLE,4,April,7,7,5,Thursday,2022,1,1:00am-1:59am,17,17,I-94,NA,1,Interstate,2,Urban,1,Interstate,1,State Highway Agency,1,This section IS ON the NHS,0,No Special Jurisdiction,275,275,42.22390278,42.22390278,-83.6456,-83.6456,42,Tree (Standing Only),0,The First Harmful Event was Not a Collision with a Motor Vehicle in Transport,0,No,1,Non-Junction,1,Not an Intersection,4,On Roadside,0,None,2,Dark - Not Lighted,1,Clear,0,No,0000000,Not Applicable,99,Unknown,99,Unknown,99,Unknown EMS Scene Arrival Hour,99,Unknown EMS Scene Arrival Minutes,88,Not Applicable (Not Transported),88,Not Applicable (Not Transported),1
26,Michigan,260248,0,0,1,1,0,3,3,163,WAYNE (163),1260,DETROIT,5,May,14,14,7,Saturday,2022,0,0:00am-0:59am,1,1,E CANFIELD RD,NA,6,Local Street - Municipality,2,Urban,5,Major Collector,4,City or Municipal Highway Agency,0,This section IS NOT on the NHS,0,No Special Jurisdiction,16,16,42.36185278,42.36185278,-83.03699722,-83.03699722,33,Curb,0,The First Harmful Event was Not a Collision with a Motor Vehicle in Transport,0,No,1,Non-Junction,1,Not an Intersection,4,On Roadside,0,None,3,Dark - Lighted,1,Clear,0,No,0000000,Not Applicable,99,Unknown,99,Unknown,99,Unknown EMS Scene Arrival Hour,99,Unknown EMS Scene Arrival Minutes,99,Unknown,99,Unknown EMS Hospital Arrival Time,1
26,Michigan,260249,0,0,2,2,0,2,2,37,CLINTON (37),0,NOT APPLICABLE,4,April,28,28,5,Thursday,2022,17,5:00pm-5:59pm,17,17,CR-PRICE RD,NA,4,County Road,1,Rural,5,Major Collector,2,County Highway Agency,0,This section IS NOT on the NHS,0,No Special Jurisdiction,140,140,42.92909444,42.92909444,-84.55743889,-84.55743889,1,Rollover/Overturn,0,The First Harmful Event was Not a Collision with a Motor Vehicle in Transport,0,No,1,Non-Junction,1,Not an Intersection,1,On Roadway,0,None,1,Daylight,1,Clear,0,No,0000000,Not Applicable,17,5:00pm-5:59pm,18,18,17,5:00pm-5:59pm,25,25,88,Not Applicable (Not Transported),88,Not Applicable (Not Transported),1
26,Michigan,260250,0,0,2,2,0,2,2,111,MIDLAND (111),3240,MIDLAND,5,May,15,15,1,Sunday,2022,13,1:00pm-1:59pm,17,17,AIRPORT RD,NA,6,Local Street - Municipality,2,Urban,4,Minor Arterial,4,City or Municipal Highway Agency,0,This section IS NOT on the NHS,0,No Special Jurisdiction,20,20,43.65657222,43.65657222,-84.27129167,-84.27129167,12,Motor Vehicle In-Transport,2,Front-to-Front,0,No,1,Non-Junction,1,Not an Intersection,1,On Roadway,0,None,1,Daylight,10,Cloudy,0,No,0000000,Not Applicable,99,Unknown,99,Unknown,99,Unknown EMS Scene Arrival Hour,99,Unknown EMS Scene Arrival Minutes,99,Unknown,99,Unknown EMS Hospital Arrival Time,1
26,Michigan,260251,1,1,1,1,0,1,1,105,MASON (105),0,NOT APPLICABLE,4,April,7,7,5,Thursday,2022,14,2:00pm-2:59pm,6,6,CR-JEBAVY DR,NA,4,County Road,1,Rural,4,Minor Arterial,2,County Highway Agency,0,This section IS NOT on the NHS,0,No Special Jurisdiction,20,20,44.00796667,44.00796667,-86.41987222,-86.41987222,8,Pedestrian,0,The First Harmful Event was Not a Collision with a Motor Vehicle in Transport,0,No,1,Non-Junction,1,Not an Intersection,1,On Roadway,0,None,1,Daylight,1,Clear,0,No,0000000,Not Applicable,99,Unknown,98,Unknown if Notified,99,Unknown EMS Scene Arrival Hour,98,Unknown if Arrived,88,Not Applicable (Not Transported),88,Not Applicable (Not Transported),1
26,Michigan,260252,0,0,2,2,0,2,2,163,WAYNE (163),1210,DEARBORN,4,April,23,23,7,Saturday,2022,19,7:00pm-7:59pm,47,47,US-12 MICHIGAN AVE,ROEMER AVE,2,US Highway,2,Urban,3,Principal Arterial - Other,1,State Highway Agency,1,This section IS ON the NHS,0,No Special Jurisdiction,3,3,42.31997222,42.31997222,-83.18384444,-83.18384444,12,Motor Vehicle In-Transport,6,Angle,0,No,2,Intersection,2,Four-Way Intersection,1,On Roadway,0,None,1,Daylight,1,Clear,0,No,0000000,Not Applicable,19,7:00pm-7:59pm,47,47,19,7:00pm-7:59pm,50,50,99,Unknown,99,Unknown EMS Hospital Arrival Time,1
26,Michigan,260253,0,0,2,2,0,3,3,117,MONTCALM (117),0,NOT APPLICABLE,5,May,14,14,7,Saturday,2022,12,12:00pm-12:59pm,5,5,CR-W STANTON RD,N GREENVILLE RD,4,County Road,1,Rural,5,Major Collector,2,County Highway Agency,0,This section IS NOT on the NHS,0,No Special Jurisdiction,56,56,43.30817778,43.30817778,-85.24398611,-85.24398611,12,Motor Vehicle In-Transport,6,Angle,0,No,2,Intersection,2,Four-Way Intersection,1,On Roadway,0,None,1,Daylight,1,Clear,0,No,0000000,Not Applicable,99,Unknown,99,Unknown,99,Unknown EMS Scene Arrival Hour,99,Unknown EMS Scene Arrival Minutes,99,Unknown,99,Unknown EMS Hospital Arrival Time,1
26,Michigan,260254,0,0,1,1,0,2,2,49,GENESEE (49),1730,FLINT,4,April,17,17,1,Sunday,2022,0,0:00am-0:59am,14,14,WELCH BLVD,NA,6,Local Street - Municipality,2,Urban,3,Principal Arterial - Other,4,City or Municipal Highway Agency,1,This section IS ON the NHS,0,No Special Jurisdiction,11,11,43.038275,43.038275,-83.73218611,-83.73218611,24,Guardrail Face,0,The First Harmful Event was Not a Collision with a Motor Vehicle in Transport,0,No,1,Non-Junction,1,Not an Intersection,4,On Roadside,0,None,3,Dark - Lighted,1,Clear,0,No,0000000,Not Applicable,99,Unknown,99,Unknown,99,Unknown EMS Scene Arrival Hour,99,Unknown EMS Scene Arrival Minutes,99,Unknown,99,Unknown EMS Hospital Arrival Time,1
26,Michigan,260255,0,0,2,2,0,3,3,125,OAKLAND (125),0,NOT APPLICABLE,4,April,12,12,3,Tuesday,2022,21,9:00pm-9:59pm,41,41,CR-N WILLIAMS LAKE RD,PONTIAC LAKE RD,4,County Road,2,Urban,3,Principal Arterial - Other,2,County Highway Agency,1,This section IS ON the NHS,0,No Special Jurisdiction,30,30,42.65797778,42.65797778,-83.44361389,-83.44361389,12,Motor Vehicle In-Transport,6,Angle,0,No,2,Intersection,2,Four-Way Intersection,1,On Roadway,0,None,3,Dark - Lighted,1,Clear,0,No,0000000,Not Applicable,21,9:00pm-9:59pm,42,42,21,9:00pm-9:59pm,45,45,99,Unknown,99,Unknown EMS Hospital Arrival Time,1
26,Michigan,260256,0,0,2,2,0,3,3,25,CALHOUN (25),0,NOT APPLICABLE,4,April,23,23,7,Saturday,2022,20,8:00pm-8:59pm,36,36,SR-66,D DR S,3,State Highway,2,Urban,4,Minor Arterial,1,State Highway Agency,0,This section IS NOT on the NHS,0,No Special Jurisdiction,104,104,42.21739444,42.21739444,-85.20271944,-85.20271944,12,Motor Vehicle In-Transport,2,Front-to-Front,0,No,2,Intersection,3,T-Intersection,1,On Roadway,0,None,3,Dark - Lighted,1,Clear,0,No,0000000,Not Applicable,99,Unknown,99,Unknown,99,Unknown EMS Scene Arrival Hour,99,Unknown EMS Scene Arrival Minutes,99,Unknown,99,Unknown EMS Hospital Arrival Time,2
26,Michigan,260257,0,0,2,2,0,5,5,163,WAYNE (163),4571,SOUTHGATE,4,April,1,1,6,Friday,2022,15,3:00pm-3:59pm,13,13,TRENTON RD,CHESTNUT AVE,6,Local Street - Municipality,2,Urban,4,Minor Arterial,4,City or Municipal Highway Agency,0,This section IS NOT on the NHS,0,No Special Jurisdiction,13,13,42.20409722,42.20409722,-83.19326389,-83.19326389,12,Motor Vehicle In-Transport,6,Angle,0,No,2,Intersection,2,Four-Way Intersection,1,On Roadway,0,None,1,Daylight,10,Cloudy,0,No,0000000,Not Applicable,99,Unknown,99,Unknown,99,Unknown EMS Scene Arrival Hour,99,Unknown EMS Scene Arrival Minutes,99,Unknown,99,Unknown EMS Hospital Arrival Time,1
26,Michigan,260258,0,0,2,1,1,2,2,7,ALPENA (7),120,ALPENA,4,April,16,16,7,Saturday,2022,3,3:00am-3:59am,39,39,FORD AVE,NA,6,Local Street - Municipality,2,Urban,5,Major Collector,4,City or Municipal Highway Agency,0,This section IS NOT on the NHS,0,No Special Jurisdiction,8,8,45.07006389,45.07006389,-83.41564444,-83.41564444,14,Parked Motor Vehicle,0,The First Harmful Event was Not a Collision with a Motor Vehicle in Transport,0,No,1,Non-Junction,1,Not an Intersection,4,On Roadside,0,None,2,Dark - Not Lighted,1,Clear,0,No,0000000,Not Applicable,3,3:00am-3:59am,39,39,3,3:00am-3:59am,45,45,99,Unknown,99,Unknown EMS Hospital Arrival Time,1
26,Michigan,260259,0,0,3,3,0,3,3,25,CALHOUN (25),0,NOT APPLICABLE,4,April,28,28,5,Thursday,2022,16,4:00pm-4:59pm,38,38,I-94,NA,1,Interstate,2,Urban,1,Interstate,1,State Highway Agency,1,This section IS ON the NHS,0,No Special Jurisdiction,291,291,42.26404167,42.26404167,-84.75900833,-84.75900833,12,Motor Vehicle In-Transport,1,Front-to-Rear,1,Yes,18,Through Roadway,1,Not an Intersection,1,On Roadway,4,"Work Zone, Type Unknown",1,Daylight,1,Clear,0,No,0000000,Not Applicable,99,Unknown,99,Unknown,99,Unknown EMS Scene Arrival Hour,99,Unknown EMS Scene Arrival Minutes,99,Unknown,99,Unknown EMS Hospital Arrival Time,1
26,Michigan,260260,0,0,3,3,0,3,3,145,SAGINAW (145),0,NOT APPLICABLE,4,April,25,25,2,Monday,2022,15,3:00pm-3:59pm,35,35,SR-84 BAY RD,LUTHER RD,3,State Highway,2,Urban,3,Principal Arterial - Other,1,State Highway Agency,1,This section IS ON the NHS,0,No Special Jurisdiction,14,14,43.4464,43.4464,-83.97554167,-83.97554167,12,Motor Vehicle In-Transport,6,Angle,0,No,2,Intersection,3,T-Intersection,1,On Roadway,0,None,1,Daylight,1,Clear,0,No,0000000,Not Applicable,15,3:00pm-3:59pm,35,35,15,3:00pm-3:59pm,47,47,99,Unknown,99,Unknown EMS Hospital Arrival Time,1
26,Michigan,260261,1,1,1,1,0,1,1,163,WAYNE (163),1260,DETROIT,4,April,24,24,1,Sunday,2022,0,0:00am-0:59am,15,15,CHALMERS ST,NA,6,Local Street - Municipality,2,Urban,4,Minor Arterial,4,City or Municipal Highway Agency,0,This section IS NOT on the NHS,0,No Special Jurisdiction,36,36,42.42047222,42.42047222,-82.97468056,-82.97468056,8,Pedestrian,0,The First Harmful Event was Not a Collision with a Motor Vehicle in Transport,0,No,1,Non-Junction,1,Not an Intersection,1,On Roadway,0,None,3,Dark - Lighted,1,Clear,0,No,0000000,Not Applicable,99,Unknown,99,Unknown,99,Unknown EMS Scene Arrival Hour,99,Unknown EMS Scene Arrival Minutes,99,Unknown,99,Unknown EMS Hospital Arrival Time,1
26,Michigan,260262,1,1,2,1,1,1,1,77,KALAMAZOO (77),0,NOT APPLICABLE,1,January,11,11,3,Tuesday,2022,19,7:00pm-7:59pm,55,55,I-94,NA,1,Interstate,1,Rural,1,Interstate,1,State Highway Agency,1,This section IS ON the NHS,0,No Special Jurisdiction,202,202,42.27990833,42.27990833,-85.39184722,-85.39184722,14,Parked Motor Vehicle,0,The First Harmful Event was Not a Collision with a Motor Vehicle in Transport,0,No,1,Non-Junction,1,Not an Intersection,2,On Shoulder,0,None,2,Dark - Not Lighted,1,Clear,0,No,0000000,Not Applicable,99,Unknown,99,Unknown,99,Unknown EMS Scene Arrival Hour,99,Unknown EMS Scene Arrival Minutes,88,Not Applicable (Not Transported),88,Not Applicable (Not Transported),1
26,Michigan,260263,0,0,1,1,0,1,1,121,MUSKEGON (121),0,NOT APPLICABLE,5,May,13,13,6,Friday,2022,20,8:00pm-8:59pm,10,10,SR-37 NEWAYGO RD,NA,3,State Highway,1,Rural,4,Minor Arterial,1,State Highway Agency,0,This section IS NOT on the NHS,0,No Special Jurisdiction,43,43,43.26583889,43.26583889,-85.81042222,-85.81042222,59,Traffic Sign Support,0,The First Harmful Event was Not a Collision with a Motor Vehicle in Transport,0,No,1,Non-Junction,1,Not an Intersection,4,On Roadside,0,None,1,Daylight,1,Clear,0,No,0000000,Not Applicable,99,Unknown,99,Unknown,99,Unknown EMS Scene Arrival Hour,99,Unknown EMS Scene Arrival Minutes,88,Not Applicable (Not Transported),88,Not Applicable (Not Transported),1
26,Michigan,260264,0,0,1,1,0,1,1,141,PRESQUE ISLE (141),0,NOT APPLICABLE,5,May,15,15,1,Sunday,2022,15,3:00pm-3:59pm,46,46,CR-N ALLIS HWY,NA,4,County Road,1,Rural,5,Major Collector,2,County Highway Agency,0,This section IS NOT on the NHS,0,No Special Jurisdiction,61,61,45.40815833,45.40815833,-84.12207778,-84.12207778,35,Embankment,0,The First Harmful Event was Not a Collision with a Motor Vehicle in Transport,0,No,1,Non-Junction,1,Not an Intersection,4,On Roadside,0,None,1,Daylight,1,Clear,0,No,0000000,Not Applicable,99,Unknown,99,Unknown,99,Unknown EMS Scene Arrival Hour,99,Unknown EMS Scene Arrival Minutes,88,Not Applicable (Not Transported),88,Not Applicable (Not Transported),1
26,Michigan,260265,0,0,2,2,0,5,5,23,BRANCH (23),0,NOT APPLICABLE,5,May,20,20,6,Friday,2022,17,5:00pm-5:59pm,35,35,CR-GILEAD LAKE RD,SIKORSKI RD,4,County Road,1,Rural,7,Local,2,County Highway Agency,0,This section IS NOT on the NHS,0,No Special Jurisdiction,20,20,41.8547,41.8547,-85.15541111,-85.15541111,12,Motor Vehicle In-Transport,6,Angle,0,No,2,Intersection,2,Four-Way Intersection,1,On Roadway,0,None,1,Daylight,10,Cloudy,0,No,0000000,Not Applicable,17,5:00pm-5:59pm,35,35,18,6:00pm-6:59pm,10,10,99,Unknown,99,Unknown EMS Hospital Arrival Time,1
26,Michigan,260266,0,0,2,1,1,1,1,125,OAKLAND (125),5271,WOLVERINE LAKE,5,May,20,20,6,Friday,2022,21,9:00pm-9:59pm,32,32,DARNELL ST,CONNECTICUT ST,6,Local Street - Municipality,2,Urban,7,Local,4,City or Municipal Highway Agency,0,This section IS NOT on the NHS,0,No Special Jurisdiction,3,3,42.55773333,42.55773333,-83.50255,-83.50255,14,Parked Motor Vehicle,0,The First Harmful Event was Not a Collision with a Motor Vehicle in Transport,0,No,3,Intersection-Related,3,T-Intersection,4,On Roadside,0,None,2,Dark - Not Lighted,1,Clear,0,No,0000000,Not Applicable,21,9:00pm-9:59pm,32,32,21,9:00pm-9:59pm,33,33,99,Unknown,99,Unknown EMS Hospital Arrival Time,1
26,Michigan,260267,0,0,2,2,0,3,3,99,MACOMB (99),5110,WARREN,5,May,2,2,2,Monday,2022,19,7:00pm-7:59pm,1,1,SR-97 GROESBECK RD,10 MILE RD,3,State Highway,2,Urban,3,Principal Arterial - Other,1,State Highway Agency,1,This section IS ON the NHS,0,No Special Jurisdiction,23,23,42.47873889,42.47873889,-82.98055556,-82.98055556,12,Motor Vehicle In-Transport,6,Angle,0,No,2,Intersection,2,Four-Way Intersection,1,On Roadway,0,None,5,Dusk,1,Clear,0,No,0000000,Not Applicable,99,Unknown,99,Unknown,99,Unknown EMS Scene Arrival Hour,99,Unknown EMS Scene Arrival Minutes,99,Unknown,99,Unknown EMS Hospital Arrival Time,1
26,Michigan,260268,0,0,2,2,0,3,3,99,MACOMB (99),5110,WARREN,5,May,19,19,5,Thursday,2022,14,2:00pm-2:59pm,12,12,SR-102 8 MILE RD,NA,3,State Highway,2,Urban,3,Principal Arterial - Other,1,State Highway Agency,1,This section IS ON the NHS,0,No Special Jurisdiction,21,21,42.448125,42.448125,-83.04148611,-83.04148611,12,Motor Vehicle In-Transport,7,Sideswipe - Same Direction,0,No,1,Non-Junction,1,Not an Intersection,1,On Roadway,0,None,1,Daylight,1,Clear,0,No,0000000,Not Applicable,99,Unknown,99,Unknown,99,Unknown EMS Scene Arrival Hour,99,Unknown EMS Scene Arrival Minutes,99,Unknown,99,Unknown EMS Hospital Arrival Time,1
26,Michigan,260269,0,0,2,2,0,3,3,107,MECOSTA (107),0,NOT APPLICABLE,5,May,3,3,3,Tuesday,2022,22,10:00pm-10:59pm,44,44,US-131,NA,2,US Highway,1,Rural,2,Principal Arterial - Other Freeways and Expressways,1,State Highway Agency,1,This section IS ON the NHS,0,No Special Jurisdiction,13,13,43.48793889,43.48793889,-85.48318333,-85.48318333,12,Motor Vehicle In-Transport,2,Front-to-Front,1,Yes,18,Through Roadway,1,Not an Intersection,1,On Roadway,0,None,2,Dark - Not Lighted,1,Clear,0,No,0000000,Not Applicable,99,Unknown,99,Unknown,99,Unknown EMS Scene Arrival Hour,99,Unknown EMS Scene Arrival Minutes,88,Not Applicable (Not Transported),88,Not Applicable (Not Transported),3
26,Michigan,260270,0,0,1,1,0,1,1,77,KALAMAZOO (77),0,NOT APPLICABLE,5,May,7,7,7,Saturday,2022,6,6:00am-6:59am,49,49,CR-8TH ST,NA,4,County Road,1,Rural,5,Major Collector,2,County Highway Agency,0,This section IS NOT on the NHS,0,No Special Jurisdiction,44,44,42.15660278,42.15660278,-85.68698611,-85.68698611,42,Tree (Standing Only),0,The First Harmful Event was Not a Collision with a Motor Vehicle in Transport,0,No,1,Non-Junction,1,Not an Intersection,4,On Roadside,0,None,1,Daylight,1,Clear,0,No,0000000,Not Applicable,6,6:00am-6:59am,54,54,7,7:00am-7:59am,1,1,88,Not Applicable (Not Transported),88,Not Applicable (Not Transported),1
26,Michigan,260271,1,1,1,1,0,4,4,21,BERRIEN (21),0,NOT APPLICABLE,5,May,7,7,7,Saturday,2022,22,10:00pm-10:59pm,36,36,SR-139,NA,3,State Highway,2,Urban,3,Principal Arterial - Other,1,State Highway Agency,1,This section IS ON the NHS,0,No Special Jurisdiction,88,88,42.04020278,42.04020278,-86.43405556,-86.43405556,15,Non-Motorist on Personal Conveyance,0,The First Harmful Event was Not a Collision with a Motor Vehicle in Transport,0,No,1,Non-Junction,1,Not an Intersection,1,On Roadway,0,None,2,Dark - Not Lighted,1,Clear,0,No,0000000,Not Applicable,22,10:00pm-10:59pm,36,36,22,10:00pm-10:59pm,44,44,88,Not Applicable (Not Transported),88,Not Applicable (Not Transported),1
26,Michigan,260272,1,1,1,1,0,1,1,125,OAKLAND (125),4340,ROYAL OAK,5,May,9,9,2,Monday,2022,15,3:00pm-3:59pm,11,11,COOLIDGE HWY,WOODWARD AVE,6,Local Street - Municipality,2,Urban,4,Minor Arterial,4,City or Municipal Highway Agency,0,This section IS NOT on the NHS,0,No Special Jurisdiction,10,10,42.51680556,42.51680556,-83.18465833,-83.18465833,15,Non-Motorist on Personal Conveyance,0,The First Harmful Event was Not a Collision with a Motor Vehicle in Transport,0,No,3,Intersection-Related,2,Four-Way Intersection,1,On Roadway,0,None,1,Daylight,1,Clear,0,No,0000000,Not Applicable,15,3:00pm-3:59pm,99,Unknown,15,3:00pm-3:59pm,13,13,99,Unknown,99,Unknown EMS Hospital Arrival Time,1
26,Michigan,260273,0,0,1,1,0,1,1,125,OAKLAND (125),3712,ORION TOWNSHIP,5,May,9,9,2,Monday,2022,14,2:00pm-2:59pm,50,50,CR-BALDWIN RD,NA,4,County Road,2,Urban,4,Minor Arterial,2,County Highway Agency,0,This section IS NOT on the NHS,0,No Special Jurisdiction,59,59,42.76698889,42.76698889,-83.31690833,-83.31690833,33,Curb,0,The First Harmful Event was Not a Collision with a Motor Vehicle in Transport,0,No,1,Non-Junction,1,Not an Intersection,4,On Roadside,0,None,1,Daylight,1,Clear,0,No,0000000,Not Applicable,99,Unknown,99,Unknown,99,Unknown EMS Scene Arrival Hour,99,Unknown EMS Scene Arrival Minutes,99,Unknown,99,Unknown EMS Hospital Arrival Time,1
26,Michigan,260274,0,0,2,2,0,2,2,67,IONIA (67),0,NOT APPLICABLE,5,May,4,4,4,Wednesday,2022,17,5:00pm-5:59pm,45,45,CR-SAYLES RD,WHITES BRIDGE RD,4,County Road,1,Rural,5,Major Collector,2,County Highway Agency,0,This section IS NOT on the NHS,0,No Special Jurisdiction,9,9,42.96580556,42.96580556,-85.29252778,-85.29252778,12,Motor Vehicle In-Transport,6,Angle,0,No,2,Intersection,2,Four-Way Intersection,1,On Roadway,0,None,1,Daylight,1,Clear,0,No,0000000,Not Applicable,99,Unknown,98,Unknown if Notified,99,Unknown EMS Scene Arrival Hour,98,Unknown if Arrived,88,Not Applicable (Not Transported),88,Not Applicable (Not Transported),1
26,Michigan,260275,0,0,1,1,0,2,2,161,WASHTENAW (161),5330,YPSILANTI,5,May,23,23,2,Monday,2022,14,2:00pm-2:59pm,48,48,I-94,NA,1,Interstate,2,Urban,1,Interstate,1,State Highway Agency,1,This section IS ON the NHS,0,No Special Jurisdiction,290,290,42.22798056,42.22798056,-83.61953611,-83.61953611,1,Rollover/Overturn,0,The First Harmful Event was Not a Collision with a Motor Vehicle in Transport,0,No,1,Non-Junction,1,Not an Intersection,4,On Roadside,0,None,1,Daylight,1,Clear,0,No,0000000,Not Applicable,99,Unknown,99,Unknown,99,Unknown EMS Scene Arrival Hour,99,Unknown EMS Scene Arrival Minutes,99,Unknown,99,Unknown EMS Hospital Arrival Time,1
26,Michigan,260276,0,0,2,2,0,2,2,27,CASS (27),0,NOT APPLICABLE,5,May,18,18,4,Wednesday,2022,15,3:00pm-3:59pm,14,14,CR-DAILEY RD,NA,4,County Road,1,Rural,5,Major Collector,2,County Highway Agency,0,This section IS NOT on the NHS,0,No Special Jurisdiction,89,89,41.92211111,41.92211111,-86.08770556,-86.08770556,12,Motor Vehicle In-Transport,2,Front-to-Front,0,No,1,Non-Junction,1,Not an Intersection,1,On Roadway,0,None,1,Daylight,10,Cloudy,0,No,0000000,Not Applicable,99,Unknown,99,Unknown,99,Unknown EMS Scene Arrival Hour,99,Unknown EMS Scene Arrival Minutes,99,Unknown,99,Unknown EMS Hospital Arrival Time,1
26,Michigan,260277,0,0,1,1,0,1,1,49,GENESEE (49),1730,FLINT,3,March,21,21,2,Monday,2022,6,6:00am-6:59am,23,23,PASADENA AVE,INDUSTRIAL AVE,6,Local Street - Municipality,2,Urban,5,Major Collector,4,City or Municipal Highway Agency,0,This section IS NOT on the NHS,0,No Special Jurisdiction,50,50,43.04690833,43.04690833,-83.68722222,-83.68722222,38,Fence,0,The First Harmful Event was Not a Collision with a Motor Vehicle in Transport,0,No,3,Intersection-Related,3,T-Intersection,4,On Roadside,0,None,3,Dark - Lighted,1,Clear,0,No,0000000,Not Applicable,6,6:00am-6:59am,34,34,6,6:00am-6:59am,51,51,99,Unknown,99,Unknown EMS Hospital Arrival Time,1
26,Michigan,260278,0,0,2,2,0,2,2,163,WAYNE (163),1920,GARDEN CITY,5,May,19,19,5,Thursday,2022,18,6:00pm-6:59pm,27,27,CR-MIDDLEBELT RD,E MAPLEWOOD AVE,4,County Road,2,Urban,3,Principal Arterial - Other,2,County Highway Agency,1,This section IS ON the NHS,0,No Special Jurisdiction,149,149,42.33283611,42.33283611,-83.33115278,-83.33115278,12,Motor Vehicle In-Transport,1,Front-to-Rear,0,No,3,Intersection-Related,2,Four-Way Intersection,1,On Roadway,0,None,1,Daylight,1,Clear,0,No,0000000,Not Applicable,18,6:00pm-6:59pm,34,34,18,6:00pm-6:59pm,43,43,99,Unknown,99,Unknown EMS Hospital Arrival Time,1
26,Michigan,260279,1,1,1,1,0,1,1,21,BERRIEN (21),410,BENTON HARBOR,5,May,6,6,6,Friday,2022,23,11:00pm-11:59pm,58,58,PIPESTONE RD,NA,6,Local Street - Municipality,2,Urban,3,Principal Arterial - Other,4,City or Municipal Highway Agency,1,This section IS ON the NHS,0,No Special Jurisdiction,14,14,42.09958889,42.09958889,-86.43765833,-86.43765833,8,Pedestrian,0,The First Harmful Event was Not a Collision with a Motor Vehicle in Transport,0,No,1,Non-Junction,1,Not an Intersection,1,On Roadway,0,None,3,Dark - Lighted,1,Clear,0,No,0000000,Not Applicable,99,Unknown,98,Unknown if Notified,99,Unknown EMS Scene Arrival Hour,98,Unknown if Arrived,88,Not Applicable (Not Transported),88,Not Applicable (Not Transported),1
26,Michigan,260280,0,0,2,2,0,2,2,73,ISABELLA (73),0,NOT APPLICABLE,5,May,27,27,6,Friday,2022,11,11:00am-11:59am,5,5,CR-N DREW,N ROLLAND RD,4,County Road,1,Rural,5,Major Collector,2,County Highway Agency,0,This section IS NOT on the NHS,0,No Special Jurisdiction,33,33,43.66133611,43.66133611,-85.02066944,-85.02066944,12,Motor Vehicle In-Transport,6,Angle,0,No,2,Intersection,2,Four-Way Intersection,1,On Roadway,0,None,1,Daylight,10,Cloudy,0,No,0000000,Not Applicable,11,11:00am-11:59am,7,7,11,11:00am-11:59am,16,16,88,Not Applicable (Not Transported),88,Not Applicable (Not Transported),1
26,Michigan,260281,0,0,2,2,0,2,2,25,CALHOUN (25),0,NOT APPLICABLE,5,May,10,10,3,Tuesday,2022,6,6:00am-6:59am,10,10,SR-96 MICHIGAN AVE,NA,3,State Highway,1,Rural,4,Minor Arterial,1,State Highway Agency,0,This section IS NOT on the NHS,0,No Special Jurisdiction,91,91,42.27375833,42.27375833,-85.01683333,-85.01683333,12,Motor Vehicle In-Transport,2,Front-to-Front,0,No,1,Non-Junction,1,Not an Intersection,1,On Roadway,0,None,4,Dawn,1,Clear,0,No,0000000,Not Applicable,6,6:00am-6:59am,10,10,6,6:00am-6:59am,16,16,99,Unknown,99,Unknown EMS Hospital Arrival Time,1
26,Michigan,260282,0,0,3,2,1,2,2,91,LENAWEE (91),0,NOT APPLICABLE,5,May,30,30,2,Monday,2022,7,7:00am-7:59am,17,17,CR-RIDGE HWY,NA,4,County Road,1,Rural,5,Major Collector,2,County Highway Agency,0,This section IS NOT on the NHS,0,No Special Jurisdiction,102,102,42.05717222,42.05717222,-83.794425,-83.794425,12,Motor Vehicle In-Transport,2,Front-to-Front,0,No,1,Non-Junction,1,Not an Intersection,1,On Roadway,0,None,1,Daylight,10,Cloudy,0,No,0000000,Not Applicable,7,7:00am-7:59am,19,19,7,7:00am-7:59am,36,36,99,Unknown,99,Unknown EMS Hospital Arrival Time,1
26,Michigan,260283,0,0,3,3,0,4,4,125,OAKLAND (125),4340,ROYAL OAK,5,May,4,4,4,Wednesday,2022,14,2:00pm-2:59pm,18,18,SR-1 WOODWARD AVE,COOLIDGE HWY,3,State Highway,2,Urban,3,Principal Arterial - Other,1,State Highway Agency,1,This section IS ON the NHS,0,No Special Jurisdiction,73,73,42.51649722,42.51649722,-83.18500278,-83.18500278,12,Motor Vehicle In-Transport,6,Angle,0,No,2,Intersection,2,Four-Way Intersection,1,On Roadway,0,None,1,Daylight,1,Clear,0,No,0000000,Not Applicable,99,Unknown,99,Unknown,99,Unknown EMS Scene Arrival Hour,99,Unknown EMS Scene Arrival Minutes,99,Unknown,99,Unknown EMS Hospital Arrival Time,1
26,Michigan,260284,0,0,2,2,0,2,2,163,WAYNE (163),1260,DETROIT,5,May,18,18,4,Wednesday,2022,23,11:00pm-11:59pm,38,38,CR-W MCNICHOLS RD,TELEGRAPH,4,County Road,2,Urban,3,Principal Arterial - Other,2,County Highway Agency,1,This section IS ON the NHS,0,No Special Jurisdiction,140,140,42.41451667,42.41451667,-83.27745,-83.27745,12,Motor Vehicle In-Transport,6,Angle,0,No,2,Intersection,2,Four-Way Intersection,1,On Roadway,0,None,3,Dark - Lighted,1,Clear,0,No,0000000,Not Applicable,99,Unknown,99,Unknown,99,Unknown EMS Scene Arrival Hour,99,Unknown EMS Scene Arrival Minutes,99,Unknown,99,Unknown EMS Hospital Arrival Time,1
26,Michigan,260285,0,0,2,2,0,3,3,163,WAYNE (163),1260,DETROIT,5,May,28,28,7,Saturday,2022,23,11:00pm-11:59pm,50,50,PLYMOUTH RD,ABINGTON AVE,6,Local Street - Municipality,2,Urban,3,Principal Arterial - Other,4,City or Municipal Highway Agency,1,This section IS ON the NHS,0,No Special Jurisdiction,176,176,42.37229167,42.37229167,-83.210825,-83.210825,12,Motor Vehicle In-Transport,6,Angle,0,No,2,Intersection,2,Four-Way Intersection,1,On Roadway,0,None,3,Dark - Lighted,10,Cloudy,0,No,0000000,Not Applicable,99,Unknown,99,Unknown,99,Unknown EMS Scene Arrival Hour,99,Unknown EMS Scene Arrival Minutes,99,Unknown,99,Unknown EMS Hospital Arrival Time,1
26,Michigan,260286,0,0,1,1,0,1,1,87,LAPEER (87),0,NOT APPLICABLE,5,May,29,29,1,Sunday,2022,22,10:00pm-10:59pm,54,54,CR-STANLEY RD,NA,4,County Road,1,Rural,5,Major Collector,2,County Highway Agency,0,This section IS NOT on the NHS,0,No Special Jurisdiction,17,17,43.10867778,43.10867778,-83.44667778,-83.44667778,35,Embankment,0,The First Harmful Event was Not a Collision with a Motor Vehicle in Transport,0,No,1,Non-Junction,1,Not an Intersection,4,On Roadside,0,None,2,Dark - Not Lighted,10,Cloudy,0,No,0000000,Not Applicable,99,Unknown,99,Unknown,99,Unknown EMS Scene Arrival Hour,99,Unknown EMS Scene Arrival Minutes,88,Not Applicable (Not Transported),88,Not Applicable (Not Transported),1
26,Michigan,260287,0,0,1,1,0,1,1,5,ALLEGAN (5),0,NOT APPLICABLE,5,May,30,30,2,Monday,2022,5,5:00am-5:59am,45,45,CR-108TH AVE,NA,4,County Road,1,Rural,5,Major Collector,2,County Highway Agency,0,This section IS NOT on the NHS,0,No Special Jurisdiction,57,57,42.47816944,42.47816944,-85.88201944,-85.88201944,42,Tree (Standing Only),0,The First Harmful Event was Not a Collision with a Motor Vehicle in Transport,0,No,1,Non-Junction,1,Not an Intersection,4,On Roadside,0,None,2,Dark - Not Lighted,10,Cloudy,0,No,0000000,Not Applicable,99,Unknown,99,Unknown,99,Unknown EMS Scene Arrival Hour,99,Unknown EMS Scene Arrival Minutes,88,Not Applicable (Not Transported),88,Not Applicable (Not Transported),1
26,Michigan,260288,0,0,1,1,0,3,3,139,OTTAWA (139),0,NOT APPLICABLE,5,May,31,31,3,Tuesday,2022,1,1:00am-1:59am,30,30,CR-48TH AVE,NA,4,County Road,2,Urban,4,Minor Arterial,2,County Highway Agency,0,This section IS NOT on the NHS,0,No Special Jurisdiction,127,127,42.95143333,42.95143333,-85.90358889,-85.90358889,34,Ditch,0,The First Harmful Event was Not a Collision with a Motor Vehicle in Transport,0,No,1,Non-Junction,1,Not an Intersection,4,On Roadside,0,None,3,Dark - Lighted,10,Cloudy,0,No,0000000,Not Applicable,1,1:00am-1:59am,32,32,1,1:00am-1:59am,34,34,99,Unknown,99,Unknown EMS Hospital Arrival Time,1
26,Michigan,260289,0,0,2,2,0,2,2,49,GENESEE (49),1730,FLINT,5,May,30,30,2,Monday,2022,22,10:00pm-10:59pm,24,24,N STEWART AVE,NA,6,Local Street - Municipality,2,Urban,5,Major Collector,4,City or Municipal Highway Agency,0,This section IS NOT on the NHS,0,No Special Jurisdiction,2,2,43.05389444,43.05389444,-83.72840556,-83.72840556,12,Motor Vehicle In-Transport,1,Front-to-Rear,0,No,1,Non-Junction,1,Not an Intersection,1,On Roadway,0,None,3,Dark - Lighted,1,Clear,0,No,0000000,Not Applicable,22,10:00pm-10:59pm,25,25,22,10:00pm-10:59pm,27,27,99,Unknown,99,Unknown EMS Hospital Arrival Time,1
26,Michigan,260290,0,0,1,1,0,1,1,87,LAPEER (87),196,ATTICA,5,May,25,25,4,Wednesday,2022,11,11:00am-11:59am,43,43,CR-PEPPERMILL RD,NA,4,County Road,1,Rural,7,Local,2,County Highway Agency,0,This section IS NOT on the NHS,0,No Special Jurisdiction,23,23,43.03205,43.03205,-83.17987778,-83.17987778,32,Culvert,0,The First Harmful Event was Not a Collision with a Motor Vehicle in Transport,0,No,1,Non-Junction,1,Not an Intersection,4,On Roadside,0,None,1,Daylight,10,Cloudy,0,No,0000000,Not Applicable,99,Unknown,99,Unknown,99,Unknown EMS Scene Arrival Hour,99,Unknown EMS Scene Arrival Minutes,88,Not Applicable (Not Transported),88,Not Applicable (Not Transported),1
26,Michigan,260291,0,0,1,1,0,2,2,31,CHEBOYGAN (31),0,NOT APPLICABLE,5,May,9,9,2,Monday,2022,14,2:00pm-2:59pm,0,0,I-75,NA,1,Interstate,1,Rural,1,Interstate,1,State Highway Agency,1,This section IS ON the NHS,0,No Special Jurisdiction,285,285,45.59241667,45.59241667,-84.62079444,-84.62079444,35,Embankment,0,The First Harmful Event was Not a Collision with a Motor Vehicle in Transport,0,No,1,Non-Junction,1,Not an Intersection,3,On Median,0,None,1,Daylight,1,Clear,0,No,0000000,Not Applicable,14,2:00pm-2:59pm,2,2,14,2:00pm-2:59pm,20,20,99,Unknown,99,Unknown EMS Hospital Arrival Time,1
26,Michigan,260292,0,0,1,1,0,2,2,163,WAYNE (163),2430,INKSTER,5,May,30,30,2,Monday,2022,20,8:00pm-8:59pm,58,58,JOHN DALY RD,NA,6,Local Street - Municipality,2,Urban,5,Major Collector,4,City or Municipal Highway Agency,0,This section IS NOT on the NHS,0,No Special Jurisdiction,14,14,42.29256111,42.29256111,-83.30013056,-83.30013056,10,Railway Vehicle,0,The First Harmful Event was Not a Collision with a Motor Vehicle in Transport,0,No,6,Railway Grade Crossing,1,Not an Intersection,1,On Roadway,0,None,1,Daylight,1,Clear,0,No,545178F,545178F,99,Unknown,99,Unknown,99,Unknown EMS Scene Arrival Hour,99,Unknown EMS Scene Arrival Minutes,99,Unknown,99,Unknown EMS Hospital Arrival Time,1
26,Michigan,260293,1,1,1,1,0,1,1,99,MACOMB (99),5110,WARREN,5,May,29,29,1,Sunday,2022,17,5:00pm-5:59pm,8,8,GEOFFRY DR,NA,6,Local Street - Municipality,2,Urban,7,Local,4,City or Municipal Highway Agency,0,This section IS NOT on the NHS,0,No Special Jurisdiction,0,None,42.50815,42.50815,-82.99919444,-82.99919444,8,Pedestrian,0,The First Harmful Event was Not a Collision with a Motor Vehicle in Transport,0,No,4,Driveway Access,1,Not an Intersection,1,On Roadway,0,None,1,Daylight,1,Clear,0,No,0000000,Not Applicable,99,Unknown,99,Unknown,99,Unknown EMS Scene Arrival Hour,99,Unknown EMS Scene Arrival Minutes,99,Unknown,99,Unknown EMS Hospital Arrival Time,1
26,Michigan,260294,0,0,1,1,0,1,1,45,EATON (45),0,NOT APPLICABLE,5,May,30,30,2,Monday,2022,22,10:00pm-10:59pm,10,10,I-96,NA,1,Interstate,2,Urban,1,Interstate,1,State Highway Agency,1,This section IS ON the NHS,0,No Special Jurisdiction,78,78,42.666075,42.666075,-84.63768889,-84.63768889,1,Rollover/Overturn,0,The First Harmful Event was Not a Collision with a Motor Vehicle in Transport,0,No,1,Non-Junction,1,Not an Intersection,4,On Roadside,0,None,2,Dark - Not Lighted,1,Clear,0,No,0000000,Not Applicable,22,10:00pm-10:59pm,10,10,22,10:00pm-10:59pm,17,17,99,Unknown,99,Unknown EMS Hospital Arrival Time,1
26,Michigan,260295,0,0,2,2,0,3,3,93,LIVINGSTON (93),0,NOT APPLICABLE,4,April,26,26,3,Tuesday,2022,10,10:00am-10:59am,9,9,SR-36,NA,3,State Highway,2,Urban,4,Minor Arterial,1,State Highway Agency,0,This section IS NOT on the NHS,0,No Special Jurisdiction,131,131,42.45897222,42.45897222,-83.82368333,-83.82368333,12,Motor Vehicle In-Transport,6,Angle,0,No,1,Non-Junction,1,Not an Intersection,1,On Roadway,0,None,1,Daylight,10,Cloudy,0,No,0000000,Not Applicable,10,10:00am-10:59am,14,14,10,10:00am-10:59am,22,22,99,Unknown,99,Unknown EMS Hospital Arrival Time,1
26,Michigan,260296,1,1,2,1,1,1,1,163,WAYNE (163),1260,DETROIT,5,May,16,16,2,Monday,2022,16,4:00pm-4:59pm,50,50,LIVERNOIS AVE,NA,6,Local Street - Municipality,2,Urban,3,Principal Arterial - Other,4,City or Municipal Highway Agency,1,This section IS ON the NHS,0,No Special Jurisdiction,9,9,42.31646111,42.31646111,-83.10973333,-83.10973333,8,Pedestrian,0,The First Harmful Event was Not a Collision with a Motor Vehicle in Transport,0,No,1,Non-Junction,1,Not an Intersection,3,On Median,0,None,1,Daylight,1,Clear,0,No,0000000,Not Applicable,99,Unknown,99,Unknown,99,Unknown EMS Scene Arrival Hour,99,Unknown EMS Scene Arrival Minutes,88,Not Applicable (Not Transported),88,Not Applicable (Not Transported),1
26,Michigan,260297,0,0,2,2,0,3,3,155,SHIAWASSEE (155),0,NOT APPLICABLE,5,May,26,26,5,Thursday,2022,23,11:00pm-11:59pm,42,42,CR-S NEW LOTHROP RD,NA,4,County Road,1,Rural,7,Local,2,County Highway Agency,0,This section IS NOT on the NHS,0,No Special Jurisdiction,22,22,42.81168056,42.81168056,-83.96339444,-83.96339444,12,Motor Vehicle In-Transport,8,Sideswipe - Opposite Direction,0,No,1,Non-Junction,1,Not an Intersection,1,On Roadway,0,None,2,Dark - Not Lighted,1,Clear,0,No,0000000,Not Applicable,99,Unknown,99,Unknown,99,Unknown EMS Scene Arrival Hour,99,Unknown EMS Scene Arrival Minutes,88,Not Applicable (Not Transported),88,Not Applicable (Not Transported),1
26,Michigan,260298,0,0,1,1,0,1,1,105,MASON (105),0,NOT APPLICABLE,5,May,6,6,6,Friday,2022,23,11:00pm-11:59pm,10,10,SR-116,NA,3,State Highway,1,Rural,5,Major Collector,1,State Highway Agency,0,This section IS NOT on the NHS,0,No Special Jurisdiction,40,40,44.03138611,44.03138611,-86.5055,-86.5055,39,Wall,0,The First Harmful Event was Not a Collision with a Motor Vehicle in Transport,0,No,1,Non-Junction,1,Not an Intersection,4,On Roadside,0,None,3,Dark - Lighted,10,Cloudy,0,No,0000000,Not Applicable,99,Unknown,99,Unknown,99,Unknown EMS Scene Arrival Hour,99,Unknown EMS Scene Arrival Minutes,88,Not Applicable (Not Transported),88,Not Applicable (Not Transported),1
26,Michigan,260299,0,0,1,1,0,1,1,99,MACOMB (99),0,NOT APPLICABLE,3,March,14,14,2,Monday,2022,12,12:00pm-12:59pm,1,1,SR-53,NA,3,State Highway,2,Urban,2,Principal Arterial - Other Freeways and Expressways,1,State Highway Agency,1,This section IS ON the NHS,0,No Special Jurisdiction,76,76,42.65081111,42.65081111,-83.01378611,-83.01378611,59,Traffic Sign Support,0,The First Harmful Event was Not a Collision with a Motor Vehicle in Transport,0,No,1,Non-Junction,1,Not an Intersection,4,On Roadside,0,None,1,Daylight,10,Cloudy,0,No,0000000,Not Applicable,99,Unknown,99,Unknown,99,Unknown EMS Scene Arrival Hour,99,Unknown EMS Scene Arrival Minutes,88,Not Applicable (Not Transported),88,Not Applicable (Not Transported),1
26,Michigan,260300,0,0,1,1,0,1,1,149,ST JOSEPH (149),0,NOT APPLICABLE,6,June,2,2,5,Thursday,2022,4,4:00am-4:59am,35,35,CR-YOUNGS PRAIRIE RD,NA,4,County Road,1,Rural,5,Major Collector,2,County Highway Agency,0,This section IS NOT on the NHS,0,No Special Jurisdiction,108,108,41.89584444,41.89584444,-85.72196667,-85.72196667,30,Utility Pole/Light Support,0,The First Harmful Event was Not a Collision with a Motor Vehicle in Transport,0,No,1,Non-Junction,1,Not an Intersection,4,On Roadside,0,None,2,Dark - Not Lighted,10,Cloudy,0,No,0000000,Not Applicable,4,4:00am-4:59am,41,41,4,4:00am-4:59am,59,59,88,Not Applicable (Not Transported),88,Not Applicable (Not Transported),1
26,Michigan,260301,0,0,2,2,0,2,2,23,BRANCH (23),305,BATAVIA,6,June,3,3,6,Friday,2022,15,3:00pm-3:59pm,59,59,US-12 W CHICAGO RD,NA,2,US Highway,1,Rural,3,Principal Arterial - Other,1,State Highway Agency,1,This section IS ON the NHS,0,No Special Jurisdiction,128,128,41.91942778,41.91942778,-85.08727778,-85.08727778,12,Motor Vehicle In-Transport,8,Sideswipe - Opposite Direction,0,No,1,Non-Junction,1,Not an Intersection,1,On Roadway,0,None,1,Daylight,1,Clear,0,No,0000000,Not Applicable,16,4:00pm-4:59pm,0,0,16,4:00pm-4:59pm,14,14,88,Not Applicable (Not Transported),88,Not Applicable (Not Transported),1
26,Michigan,260302,0,0,2,2,0,2,2,115,MONROE (115),0,NOT APPLICABLE,6,June,1,1,4,Wednesday,2022,21,9:00pm-9:59pm,50,50,US-24 TELEGRAPH RD,RAMP 002G,2,US Highway,2,Urban,3,Principal Arterial - Other,1,State Highway Agency,1,This section IS ON the NHS,0,No Special Jurisdiction,228,228,42.01959444,42.01959444,-83.34566944,-83.34566944,12,Motor Vehicle In-Transport,6,Angle,1,Yes,2,Intersection,3,T-Intersection,1,On Roadway,0,None,2,Dark - Not Lighted,1,Clear,0,No,0000000,Not Applicable,21,9:00pm-9:59pm,59,59,22,10:00pm-10:59pm,2,2,88,Not Applicable (Not Transported),88,Not Applicable (Not Transported),1
26,Michigan,260303,0,0,2,2,0,2,2,125,OAKLAND (125),4020,PONTIAC,6,June,5,5,1,Sunday,2022,21,9:00pm-9:59pm,40,40,SR-24 BUS WOODWARD AVE,NA,3,State Highway,2,Urban,3,Principal Arterial - Other,1,State Highway Agency,1,This section IS ON the NHS,0,No Special Jurisdiction,10,10,42.61530278,42.61530278,-83.27499167,-83.27499167,12,Motor Vehicle In-Transport,1,Front-to-Rear,0,No,1,Non-Junction,1,Not an Intersection,1,On Roadway,0,None,3,Dark - Lighted,10,Cloudy,0,No,0000000,Not Applicable,21,9:00pm-9:59pm,40,40,21,9:00pm-9:59pm,40,40,99,Unknown,99,Unknown EMS Hospital Arrival Time,1
26,Michigan,260304,0,0,2,2,0,3,3,65,INGHAM (65),2700,LANSING,5,May,6,6,6,Friday,2022,14,2:00pm-2:59pm,29,29,SR-43 OAKLAND AVE,CENTER ST,3,State Highway,2,Urban,3,Principal Arterial - Other,1,State Highway Agency,1,This section IS ON the NHS,0,No Special Jurisdiction,20,20,42.74346944,42.74346944,-84.548022219999993,-84.548022219999993,12,Motor Vehicle In-Transport,6,Angle,0,No,2,Intersection,2,Four-Way Intersection,1,On Roadway,0,None,1,Daylight,1,Clear,0,No,0000000,Not Applicable,99,Unknown,99,Unknown,99,Unknown EMS Scene Arrival Hour,99,Unknown EMS Scene Arrival Minutes,99,Unknown,99,Unknown EMS Hospital Arrival Time,1
26,Michigan,260305,0,0,2,2,0,4,4,81,KENT (81),0,NOT APPLICABLE,5,May,10,10,3,Tuesday,2022,13,1:00pm-1:59pm,21,21,SR-44 PLAINFIELD AVE,VINEYARD AVE,3,State Highway,2,Urban,3,Principal Arterial - Other,1,State Highway Agency,1,This section IS ON the NHS,0,No Special Jurisdiction,45,45,43.03493333,43.03493333,-85.61954722,-85.61954722,12,Motor Vehicle In-Transport,6,Angle,0,No,2,Intersection,3,T-Intersection,1,On Roadway,0,None,1,Daylight,1,Clear,0,No,0000000,Not Applicable,13,1:00pm-1:59pm,34,34,13,1:00pm-1:59pm,39,39,88,Not Applicable (Not Transported),88,Not Applicable (Not Transported),1
26,Michigan,260306,0,0,2,2,0,3,3,163,WAYNE (163),1260,DETROIT,6,June,4,4,7,Saturday,2022,23,11:00pm-11:59pm,35,35,I-75,NA,1,Interstate,2,Urban,1,Interstate,1,State Highway Agency,1,This section IS ON the NHS,0,No Special Jurisdiction,217,217,42.32630556,42.32630556,-83.084725,-83.084725,12,Motor Vehicle In-Transport,7,Sideswipe - Same Direction,0,No,1,Non-Junction,1,Not an Intersection,1,On Roadway,0,None,3,Dark - Lighted,1,Clear,0,No,0000000,Not Applicable,99,Unknown,99,Unknown,99,Unknown EMS Scene Arrival Hour,99,Unknown EMS Scene Arrival Minutes,88,Not Applicable (Not Transported),88,Not Applicable (Not Transported),1
26,Michigan,260307,0,0,3,3,0,4,4,81,KENT (81),0,NOT APPLICABLE,6,June,6,6,2,Monday,2022,11,11:00am-11:59am,12,12,US-131,NA,2,US Highway,2,Urban,2,Principal Arterial - Other Freeways and Expressways,1,State Highway Agency,1,This section IS ON the NHS,0,No Special Jurisdiction,55,55,42.84628611,42.84628611,-85.67861944,-85.67861944,12,Motor Vehicle In-Transport,1,Front-to-Rear,0,No,1,Non-Junction,1,Not an Intersection,1,On Roadway,0,None,1,Daylight,1,Clear,0,No,0000000,Not Applicable,12,12:00pm-12:59pm,2,2,12,12:00pm-12:59pm,14,14,88,Not Applicable (Not Transported),88,Not Applicable (Not Transported),2
26,Michigan,260308,0,0,2,2,0,4,4,21,BERRIEN (21),0,NOT APPLICABLE,6,June,5,5,1,Sunday,2022,18,6:00pm-6:59pm,35,35,CR-COLFAX AVE,E NAPIER AVE,4,County Road,2,Urban,4,Minor Arterial,2,County Highway Agency,0,This section IS NOT on the NHS,0,No Special Jurisdiction,7,7,42.08710278,42.08710278,-86.45598056,-86.45598056,12,Motor Vehicle In-Transport,6,Angle,0,No,2,Intersection,2,Four-Way Intersection,1,On Roadway,0,None,1,Daylight,1,Clear,0,No,0000000,Not Applicable,18,6:00pm-6:59pm,36,36,99,Unknown EMS Scene Arrival Hour,99,Unknown EMS Scene Arrival Minutes,99,Unknown,99,Unknown EMS Hospital Arrival Time,1
26,Michigan,260309,0,0,1,1,0,1,1,161,WASHTENAW (161),567,BRIDGEWATER,2,February,19,19,7,Saturday,2022,0,0:00am-0:59am,35,35,CR-BRAUN RD,MCCOLLUM RD,4,County Road,1,Rural,6,Minor Collector,2,County Highway Agency,0,This section IS NOT on the NHS,0,No Special Jurisdiction,39,39,42.124225,42.124225,-83.89151111,-83.89151111,32,Culvert,0,The First Harmful Event was Not a Collision with a Motor Vehicle in Transport,0,No,3,Intersection-Related,4,Y-Intersection,4,On Roadside,0,None,2,Dark - Not Lighted,11,Blowing Snow,0,No,0000000,Not Applicable,99,Unknown,99,Unknown,99,Unknown EMS Scene Arrival Hour,99,Unknown EMS Scene Arrival Minutes,88,Not Applicable (Not Transported),88,Not Applicable (Not Transported),1
26,Michigan,260310,1,1,1,1,0,1,1,49,GENESEE (49),1730,FLINT,4,April,11,11,2,Monday,2022,19,7:00pm-7:59pm,45,45,SR-54 S DORT HWY,NA,3,State Highway,2,Urban,3,Principal Arterial - Other,1,State Highway Agency,1,This section IS ON the NHS,0,No Special Jurisdiction,64,64,42.996625,42.996625,-83.65361667,-83.65361667,8,Pedestrian,0,The First Harmful Event was Not a Collision with a Motor Vehicle in Transport,0,No,1,Non-Junction,1,Not an Intersection,1,On Roadway,0,None,5,Dusk,1,Clear,0,No,0000000,Not Applicable,19,7:00pm-7:59pm,45,45,19,7:00pm-7:59pm,56,56,99,Unknown,99,Unknown EMS Hospital Arrival Time,1
26,Michigan,260311,0,0,2,2,0,2,2,5,ALLEGAN (5),0,NOT APPLICABLE,5,May,31,31,3,Tuesday,2022,14,2:00pm-2:59pm,1,1,CR-10TH ST,NA,4,County Road,1,Rural,4,Minor Arterial,2,County Highway Agency,0,This section IS NOT on the NHS,0,No Special Jurisdiction,9,9,42.431775,42.431775,-85.6391,-85.6391,12,Motor Vehicle In-Transport,6,Angle,0,No,8,Driveway Access Related,1,Not an Intersection,1,On Roadway,0,None,1,Daylight,10,Cloudy,0,No,0000000,Not Applicable,15,3:00pm-3:59pm,55,55,16,4:00pm-4:59pm,5,5,99,Unknown,99,Unknown EMS Hospital Arrival Time,1
26,Michigan,260312,0,0,2,2,0,2,2,35,CLARE (35),0,NOT APPLICABLE,5,May,9,9,2,Monday,2022,11,11:00am-11:59am,22,22,CR-CLARE AVE,NA,4,County Road,1,Rural,5,Major Collector,2,County Highway Agency,0,This section IS NOT on the NHS,0,No Special Jurisdiction,85,85,43.93810556,43.93810556,-84.76803333,-84.76803333,53,Mail Box,0,The First Harmful Event was Not a Collision with a Motor Vehicle in Transport,0,No,1,Non-Junction,1,Not an Intersection,4,On Roadside,0,None,1,Daylight,1,Clear,0,No,0000000,Not Applicable,99,Unknown,99,Unknown,99,Unknown EMS Scene Arrival Hour,99,Unknown EMS Scene Arrival Minutes,88,Not Applicable (Not Transported),88,Not Applicable (Not Transported),1
26,Michigan,260313,0,0,1,1,0,2,2,129,OGEMAW (129),0,NOT APPLICABLE,5,May,12,12,5,Thursday,2022,10,10:00am-10:59am,5,5,CR-ROSE CITY RD,NA,4,County Road,1,Rural,5,Major Collector,2,County Highway Agency,0,This section IS NOT on the NHS,0,No Special Jurisdiction,141,141,44.4214,44.4214,-84.08650833,-84.08650833,42,Tree (Standing Only),0,The First Harmful Event was Not a Collision with a Motor Vehicle in Transport,0,No,1,Non-Junction,1,Not an Intersection,4,On Roadside,0,None,1,Daylight,1,Clear,0,No,0000000,Not Applicable,99,Unknown,99,Unknown,99,Unknown EMS Scene Arrival Hour,99,Unknown EMS Scene Arrival Minutes,99,Unknown,99,Unknown EMS Hospital Arrival Time,1
26,Michigan,260314,0,0,3,3,0,3,3,47,EMMET (47),0,NOT APPLICABLE,5,May,27,27,6,Friday,2022,11,11:00am-11:59am,59,59,US-131,NA,2,US Highway,2,Urban,3,Principal Arterial - Other,1,State Highway Agency,1,This section IS ON the NHS,0,No Special Jurisdiction,32,32,45.334225000000004,45.334225000000004,-84.96600556,-84.96600556,12,Motor Vehicle In-Transport,2,Front-to-Front,0,No,1,Non-Junction,1,Not an Intersection,1,On Roadway,0,None,1,Daylight,1,Clear,0,No,0000000,Not Applicable,11,11:00am-11:59am,59,59,12,12:00pm-12:59pm,3,3,99,Unknown,99,Unknown EMS Hospital Arrival Time,1
26,Michigan,260315,0,0,2,2,0,2,2,125,OAKLAND (125),4020,PONTIAC,5,May,12,12,5,Thursday,2022,17,5:00pm-5:59pm,37,37,WALTON BLVD,LAUREL AVE,6,Local Street - Municipality,2,Urban,3,Principal Arterial - Other,4,City or Municipal Highway Agency,1,This section IS ON the NHS,0,No Special Jurisdiction,6,6,42.67727778,42.67727778,-83.28748056,-83.28748056,12,Motor Vehicle In-Transport,6,Angle,0,No,2,Intersection,3,T-Intersection,1,On Roadway,0,None,1,Daylight,1,Clear,0,No,0000000,Not Applicable,99,Unknown,99,Unknown,99,Unknown EMS Scene Arrival Hour,99,Unknown EMS Scene Arrival Minutes,99,Unknown,99,Unknown EMS Hospital Arrival Time,1
26,Michigan,260316,0,0,2,2,0,3,3,75,JACKSON (75),4448,SANDSTONE,6,June,8,8,4,Wednesday,2022,10,10:00am-10:59am,24,24,I-94,NA,1,Interstate,1,Rural,1,Interstate,1,State Highway Agency,1,This section IS ON the NHS,0,No Special Jurisdiction,109,109,42.26911389,42.26911389,-84.50600556,-84.50600556,12,Motor Vehicle In-Transport,1,Front-to-Rear,0,No,1,Non-Junction,1,Not an Intersection,1,On Roadway,0,None,1,Daylight,1,Clear,0,No,0000000,Not Applicable,10,10:00am-10:59am,27,27,10,10:00am-10:59am,37,37,99,Unknown,99,Unknown EMS Hospital Arrival Time,1
26,Michigan,260317,0,0,3,3,0,3,3,125,OAKLAND (125),0,NOT APPLICABLE,6,June,8,8,4,Wednesday,2022,17,5:00pm-5:59pm,32,32,SR-24 N LAPEER RD,NA,3,State Highway,2,Urban,3,Principal Arterial - Other,1,State Highway Agency,1,This section IS ON the NHS,0,No Special Jurisdiction,1,1,42.79209167,42.79209167,-83.24623611,-83.24623611,12,Motor Vehicle In-Transport,1,Front-to-Rear,0,No,7,Crossover-Related,1,Not an Intersection,1,On Roadway,0,None,1,Daylight,1,Clear,0,No,0000000,Not Applicable,17,5:00pm-5:59pm,34,34,17,5:00pm-5:59pm,49,49,99,Unknown,99,Unknown EMS Hospital Arrival Time,1
26,Michigan,260318,0,0,1,1,0,1,1,135,OSCODA (135),0,NOT APPLICABLE,6,June,10,10,6,Friday,2022,21,9:00pm-9:59pm,35,35,CR-TOWN LINE RD,NA,4,County Road,1,Rural,7,Local,2,County Highway Agency,0,This section IS NOT on the NHS,0,No Special Jurisdiction,23,23,44.72070833,44.72070833,-84.25159444,-84.25159444,11,Live Animal,0,The First Harmful Event was Not a Collision with a Motor Vehicle in Transport,0,No,1,Non-Junction,1,Not an Intersection,1,On Roadway,0,None,5,Dusk,1,Clear,0,No,0000000,Not Applicable,21,9:00pm-9:59pm,37,37,21,9:00pm-9:59pm,48,48,88,Not Applicable (Not Transported),88,Not Applicable (Not Transported),1
26,Michigan,260319,1,1,1,1,0,2,2,163,WAYNE (163),1260,DETROIT,6,June,11,11,7,Saturday,2022,13,1:00pm-1:59pm,50,50,LINWOOD ST,NA,6,Local Street - Municipality,2,Urban,3,Principal Arterial - Other,4,City or Municipal Highway Agency,1,This section IS ON the NHS,0,No Special Jurisdiction,10,10,42.36880278,42.36880278,-83.10551389,-83.10551389,8,Pedestrian,0,The First Harmful Event was Not a Collision with a Motor Vehicle in Transport,0,No,8,Driveway Access Related,1,Not an Intersection,4,On Roadside,0,None,1,Daylight,1,Clear,0,No,0000000,Not Applicable,99,Unknown,99,Unknown,99,Unknown EMS Scene Arrival Hour,99,Unknown EMS Scene Arrival Minutes,88,Not Applicable (Not Transported),88,Not Applicable (Not Transported),1
26,Michigan,260320,0,0,2,2,0,2,2,65,INGHAM (65),1430,EAST LANSING,5,May,12,12,5,Thursday,2022,8,8:00am-8:59am,33,33,US-127 RAMP 016A,LAKE LANSING RD,2,US Highway,2,Urban,2,Principal Arterial - Other Freeways and Expressways,1,State Highway Agency,1,This section IS ON the NHS,0,No Special Jurisdiction,3,3,42.76048056,42.76048056,-84.50676667,-84.50676667,12,Motor Vehicle In-Transport,1,Front-to-Rear,1,Yes,3,Intersection-Related,3,T-Intersection,1,On Roadway,0,None,1,Daylight,1,Clear,0,No,0000000,Not Applicable,99,Unknown,99,Unknown,99,Unknown EMS Scene Arrival Hour,99,Unknown EMS Scene Arrival Minutes,99,Unknown,96,Terminated Transport,1
26,Michigan,260321,0,0,1,1,0,1,1,5,ALLEGAN (5),0,NOT APPLICABLE,6,June,6,6,2,Monday,2022,18,6:00pm-6:59pm,21,21,SR-40,NA,3,State Highway,1,Rural,4,Minor Arterial,1,State Highway Agency,0,This section IS NOT on the NHS,0,No Special Jurisdiction,46,46,42.48336111,42.48336111,-85.85776111,-85.85776111,1,Rollover/Overturn,0,The First Harmful Event was Not a Collision with a Motor Vehicle in Transport,0,No,1,Non-Junction,1,Not an Intersection,4,On Roadside,0,None,1,Daylight,1,Clear,0,No,0000000,Not Applicable,99,Unknown,99,Unknown,99,Unknown EMS Scene Arrival Hour,99,Unknown EMS Scene Arrival Minutes,88,Not Applicable (Not Transported),88,Not Applicable (Not Transported),1
26,Michigan,260322,0,0,1,1,0,2,2,5,ALLEGAN (5),0,NOT APPLICABLE,6,June,12,12,1,Sunday,2022,20,8:00pm-8:59pm,50,50,CR-130TH ST,NA,4,County Road,1,Rural,7,Local,2,County Highway Agency,0,This section IS NOT on the NHS,0,No Special Jurisdiction,59,59,42.63875556,42.63875556,-85.78264167,-85.78264167,1,Rollover/Overturn,0,The First Harmful Event was Not a Collision with a Motor Vehicle in Transport,0,No,1,Non-Junction,1,Not an Intersection,4,On Roadside,0,None,5,Dusk,1,Clear,0,No,0000000,Not Applicable,99,Unknown,99,Unknown,99,Unknown EMS Scene Arrival Hour,99,Unknown EMS Scene Arrival Minutes,99,Unknown,99,Unknown EMS Hospital Arrival Time,1
26,Michigan,260323,1,1,2,2,0,2,2,99,MACOMB (99),5110,WARREN,6,June,13,13,2,Monday,2022,3,3:00am-3:59am,18,18,CR-MOUND RD,NA,4,County Road,2,Urban,3,Principal Arterial - Other,2,County Highway Agency,1,This section IS ON the NHS,0,No Special Jurisdiction,28,28,42.488925,42.488925,-83.04546111,-83.04546111,12,Motor Vehicle In-Transport,1,Front-to-Rear,0,No,1,Non-Junction,1,Not an Intersection,1,On Roadway,0,None,3,Dark - Lighted,1,Clear,0,No,0000000,Not Applicable,99,Unknown,99,Unknown,99,Unknown EMS Scene Arrival Hour,99,Unknown EMS Scene Arrival Minutes,88,Not Applicable (Not Transported),88,Not Applicable (Not Transported),1
26,Michigan,260324,0,0,1,1,0,1,1,5,ALLEGAN (5),0,NOT APPLICABLE,5,May,11,11,4,Wednesday,2022,12,12:00pm-12:59pm,22,22,CR-58TH ST,NA,4,County Road,1,Rural,4,Minor Arterial,2,County Highway Agency,0,This section IS NOT on the NHS,0,No Special Jurisdiction,27,27,42.63441667,42.63441667,-86.11488333,-86.11488333,1,Rollover/Overturn,0,The First Harmful Event was Not a Collision with a Motor Vehicle in Transport,0,No,1,Non-Junction,1,Not an Intersection,4,On Roadside,0,None,1,Daylight,1,Clear,0,No,0000000,Not Applicable,99,Unknown,98,Unknown if Notified,99,Unknown EMS Scene Arrival Hour,98,Unknown if Arrived,88,Not Applicable (Not Transported),88,Not Applicable (Not Transported),1
26,Michigan,260325,0,0,4,4,0,4,4,163,WAYNE (163),1260,DETROIT,6,June,15,15,4,Wednesday,2022,13,1:00pm-1:59pm,50,50,I-75,NA,1,Interstate,2,Urban,1,Interstate,1,State Highway Agency,1,This section IS ON the NHS,0,No Special Jurisdiction,163,163,42.27734444,42.27734444,-83.15630556,-83.15630556,12,Motor Vehicle In-Transport,1,Front-to-Rear,0,No,1,Non-Junction,1,Not an Intersection,1,On Roadway,0,None,1,Daylight,1,Clear,0,No,0000000,Not Applicable,99,Unknown,99,Unknown,99,Unknown EMS Scene Arrival Hour,99,Unknown EMS Scene Arrival Minutes,99,Unknown,99,Unknown EMS Hospital Arrival Time,1
26,Michigan,260326,0,0,1,1,0,1,1,141,PRESQUE ISLE (141),0,NOT APPLICABLE,6,June,19,19,1,Sunday,2022,1,1:00am-1:59am,2,2,CR-KUFFLE RD,NA,4,County Road,1,Rural,7,Local,2,County Highway Agency,0,This section IS NOT on the NHS,0,No Special Jurisdiction,24,24,45.23356667,45.23356667,-83.61916389,-83.61916389,42,Tree (Standing Only),0,The First Harmful Event was Not a Collision with a Motor Vehicle in Transport,0,No,1,Non-Junction,1,Not an Intersection,4,On Roadside,0,None,2,Dark - Not Lighted,1,Clear,0,No,0000000,Not Applicable,1,1:00am-1:59am,7,7,1,1:00am-1:59am,19,19,88,Not Applicable (Not Transported),88,Not Applicable (Not Transported),1
26,Michigan,260327,0,0,2,2,0,4,4,73,ISABELLA (73),0,NOT APPLICABLE,6,June,19,19,1,Sunday,2022,15,3:00pm-3:59pm,45,45,CR-E BLANCHARD RD,S SUMMERTON RD,4,County Road,1,Rural,5,Major Collector,2,County Highway Agency,0,This section IS NOT on the NHS,0,No Special Jurisdiction,182,182,43.52408056,43.52408056,-84.72718889,-84.72718889,12,Motor Vehicle In-Transport,6,Angle,0,No,2,Intersection,2,Four-Way Intersection,1,On Roadway,0,None,1,Daylight,1,Clear,0,No,0000000,Not Applicable,15,3:00pm-3:59pm,52,52,16,4:00pm-4:59pm,5,5,99,Unknown,99,Unknown EMS Hospital Arrival Time,2
26,Michigan,260328,0,0,1,1,0,1,1,163,WAYNE (163),1260,DETROIT,6,June,18,18,7,Saturday,2022,5,5:00am-5:59am,0,0,CURTIS ST,MEYERS,6,Local Street - Municipality,2,Urban,5,Major Collector,4,City or Municipal Highway Agency,0,This section IS NOT on the NHS,0,No Special Jurisdiction,4,4,42.42410278,42.42410278,-83.170625,-83.170625,42,Tree (Standing Only),0,The First Harmful Event was Not a Collision with a Motor Vehicle in Transport,0,No,3,Intersection-Related,3,T-Intersection,4,On Roadside,0,None,4,Dawn,1,Clear,0,No,0000000,Not Applicable,99,Unknown,99,Unknown,99,Unknown EMS Scene Arrival Hour,99,Unknown EMS Scene Arrival Minutes,99,Unknown,99,Unknown EMS Hospital Arrival Time,1
26,Michigan,260329,0,0,3,3,0,3,3,163,WAYNE (163),0,NOT APPLICABLE,6,June,17,17,6,Friday,2022,8,8:00am-8:59am,16,16,SR-14,NA,3,State Highway,2,Urban,4,Minor Arterial,1,State Highway Agency,0,This section IS NOT on the NHS,0,No Special Jurisdiction,22,22,42.35810833,42.35810833,-83.50715556,-83.50715556,12,Motor Vehicle In-Transport,1,Front-to-Rear,0,No,1,Non-Junction,1,Not an Intersection,1,On Roadway,1,Construction,1,Daylight,1,Clear,0,No,0000000,Not Applicable,99,Unknown,99,Unknown,99,Unknown EMS Scene Arrival Hour,99,Unknown EMS Scene Arrival Minutes,88,Not Applicable (Not Transported),88,Not Applicable (Not Transported),1
26,Michigan,260330,0,0,1,1,0,1,1,85,LAKE (85),0,NOT APPLICABLE,5,May,15,15,1,Sunday,2022,0,0:00am-0:59am,16,16,SR-47,NA,3,State Highway,1,Rural,4,Minor Arterial,1,State Highway Agency,0,This section IS NOT on the NHS,0,No Special Jurisdiction,40,40,43.99986944,43.99986944,-85.84,-85.84,34,Ditch,0,The First Harmful Event was Not a Collision with a Motor Vehicle in Transport,0,No,1,Non-Junction,1,Not an Intersection,4,On Roadside,0,None,2,Dark - Not Lighted,1,Clear,0,No,0000000,Not Applicable,0,0:00am-0:59am,17,17,0,0:00am-0:59am,22,22,88,Not Applicable (Not Transported),88,Not Applicable (Not Transported),1
26,Michigan,260331,0,0,3,3,0,4,4,67,IONIA (67),0,NOT APPLICABLE,5,May,15,15,1,Sunday,2022,19,7:00pm-7:59pm,27,27,SR-66 STATE RD,NA,3,State Highway,1,Rural,4,Minor Arterial,1,State Highway Agency,0,This section IS NOT on the NHS,0,No Special Jurisdiction,31,31,43.0322,43.0322,-85.07516667,-85.07516667,12,Motor Vehicle In-Transport,1,Front-to-Rear,0,No,8,Driveway Access Related,1,Not an Intersection,1,On Roadway,0,None,1,Daylight,2,Rain,0,No,0000000,Not Applicable,99,Unknown,99,Unknown,99,Unknown EMS Scene Arrival Hour,99,Unknown EMS Scene Arrival Minutes,99,Unknown,99,Unknown EMS Hospital Arrival Time,1
26,Michigan,260332,0,0,2,2,0,2,2,125,OAKLAND (125),3628,NOVI,5,May,15,15,1,Sunday,2022,14,2:00pm-2:59pm,27,27,CR-PONTIAC TRL,BECK RD,4,County Road,2,Urban,3,Principal Arterial - Other,2,County Highway Agency,1,This section IS ON the NHS,0,No Special Jurisdiction,51,51,42.52503056,42.52503056,-83.51625556,-83.51625556,12,Motor Vehicle In-Transport,6,Angle,0,No,2,Intersection,2,Four-Way Intersection,1,On Roadway,0,None,1,Daylight,1,Clear,0,No,0000000,Not Applicable,99,Unknown,99,Unknown,99,Unknown EMS Scene Arrival Hour,99,Unknown EMS Scene Arrival Minutes,99,Unknown,99,Unknown EMS Hospital Arrival Time,1
26,Michigan,260333,0,0,4,4,0,4,4,27,CASS (27),0,NOT APPLICABLE,5,May,16,16,2,Monday,2022,4,4:00am-4:59am,37,37,US-12,BALDWIN PRAIRIE RD,2,US Highway,1,Rural,4,Minor Arterial,1,State Highway Agency,0,This section IS NOT on the NHS,0,No Special Jurisdiction,215,215,41.787925,41.787925,-85.84754167,-85.84754167,12,Motor Vehicle In-Transport,1,Front-to-Rear,0,No,3,Intersection-Related,2,Four-Way Intersection,1,On Roadway,0,None,3,Dark - Lighted,1,Clear,0,No,0000000,Not Applicable,99,Unknown,99,Unknown,99,Unknown EMS Scene Arrival Hour,99,Unknown EMS Scene Arrival Minutes,88,Not Applicable (Not Transported),88,Not Applicable (Not Transported),2
26,Michigan,260334,0,0,2,2,0,3,3,21,BERRIEN (21),448,BERTRAND,5,May,13,13,6,Friday,2022,7,7:00am-7:59am,42,42,US-12 PULASKY HWY,US-31 RAMP 080D,2,US Highway,2,Urban,3,Principal Arterial - Other,1,State Highway Agency,1,This section IS ON the NHS,0,No Special Jurisdiction,4,4,41.80538333,41.80538333,-86.31958056,-86.31958056,12,Motor Vehicle In-Transport,6,Angle,1,Yes,2,Intersection,3,T-Intersection,1,On Roadway,0,None,1,Daylight,1,Clear,0,No,0000000,Not Applicable,7,7:00am-7:59am,51,51,7,7:00am-7:59am,52,52,99,Unknown,99,Unknown EMS Hospital Arrival Time,1
26,Michigan,260335,0,0,1,1,0,2,2,121,MUSKEGON (121),0,NOT APPLICABLE,5,May,20,20,6,Friday,2022,23,11:00pm-11:59pm,18,18,SR-37,NA,3,State Highway,1,Rural,4,Minor Arterial,1,State Highway Agency,0,This section IS NOT on the NHS,0,No Special Jurisdiction,8,8,43.23445278,43.23445278,-85.80063611,-85.80063611,35,Embankment,0,The First Harmful Event was Not a Collision with a Motor Vehicle in Transport,0,No,1,Non-Junction,1,Not an Intersection,4,On Roadside,0,None,2,Dark - Not Lighted,2,Rain,0,No,0000000,Not Applicable,23,11:00pm-11:59pm,22,22,23,11:00pm-11:59pm,29,29,99,Unknown,99,Unknown EMS Hospital Arrival Time,1
26,Michigan,260336,0,0,2,2,0,2,2,163,WAYNE (163),1260,DETROIT,5,May,14,14,7,Saturday,2022,3,3:00am-3:59am,38,38,I-96,NA,1,Interstate,2,Urban,1,Interstate,1,State Highway Agency,1,This section IS ON the NHS,0,No Special Jurisdiction,20,20,42.36143056,42.36143056,-83.12332222,-83.12332222,12,Motor Vehicle In-Transport,1,Front-to-Rear,0,No,1,Non-Junction,1,Not an Intersection,1,On Roadway,0,None,3,Dark - Lighted,1,Clear,0,No,0000000,Not Applicable,99,Unknown,99,Unknown,99,Unknown EMS Scene Arrival Hour,99,Unknown EMS Scene Arrival Minutes,88,Not Applicable (Not Transported),88,Not Applicable (Not Transported),1
26,Michigan,260337,0,0,2,2,0,4,4,45,EATON (45),0,NOT APPLICABLE,5,May,22,22,1,Sunday,2022,21,9:00pm-9:59pm,21,21,CR-VERMONTVILLE HWY,COCHRAN RD,4,County Road,1,Rural,5,Major Collector,2,County Highway Agency,0,This section IS NOT on the NHS,0,No Special Jurisdiction,12,12,42.62603889,42.62603889,-84.83654722,-84.83654722,12,Motor Vehicle In-Transport,6,Angle,0,No,2,Intersection,2,Four-Way Intersection,1,On Roadway,0,None,2,Dark - Not Lighted,1,Clear,0,No,0000000,Not Applicable,21,9:00pm-9:59pm,22,22,21,9:00pm-9:59pm,32,32,99,Unknown,99,Unknown EMS Hospital Arrival Time,2
26,Michigan,260338,0,0,1,1,0,1,1,147,ST. CLAIR (147),0,NOT APPLICABLE,5,May,21,21,7,Saturday,2022,6,6:00am-6:59am,46,46,CR-WALES CENTER RD,NA,4,County Road,1,Rural,5,Major Collector,2,County Highway Agency,0,This section IS NOT on the NHS,0,No Special Jurisdiction,45,45,42.95370833,42.95370833,-82.67901111,-82.67901111,42,Tree (Standing Only),0,The First Harmful Event was Not a Collision with a Motor Vehicle in Transport,0,No,1,Non-Junction,1,Not an Intersection,4,On Roadside,0,None,1,Daylight,1,Clear,0,No,0000000,Not Applicable,6,6:00am-6:59am,46,46,7,7:00am-7:59am,0,0,99,Unknown,99,Unknown EMS Hospital Arrival Time,1
26,Michigan,260339,0,0,1,1,0,2,2,49,GENESEE (49),0,NOT APPLICABLE,5,May,19,19,5,Thursday,2022,16,4:00pm-4:59pm,37,37,SR-13 SHERIDAN RD,NA,3,State Highway,1,Rural,4,Minor Arterial,1,State Highway Agency,0,This section IS NOT on the NHS,0,No Special Jurisdiction,114,114,43.12727778,43.12727778,-83.92888611,-83.92888611,34,Ditch,0,The First Harmful Event was Not a Collision with a Motor Vehicle in Transport,0,No,1,Non-Junction,1,Not an Intersection,4,On Roadside,0,None,1,Daylight,1,Clear,0,No,0000000,Not Applicable,16,4:00pm-4:59pm,41,41,16,4:00pm-4:59pm,45,45,99,Unknown,99,Unknown EMS Hospital Arrival Time,1
26,Michigan,260340,0,0,2,2,0,2,2,93,LIVINGSTON (93),2114,HAMBURG,5,May,13,13,6,Friday,2022,23,11:00pm-11:59pm,18,18,CR-STRAWBERRY LAKE RD,NA,4,County Road,2,Urban,5,Major Collector,2,County Highway Agency,0,This section IS NOT on the NHS,0,No Special Jurisdiction,28,28,42.44205833,42.44205833,-83.82658056,-83.82658056,12,Motor Vehicle In-Transport,6,Angle,0,No,1,Non-Junction,1,Not an Intersection,1,On Roadway,0,None,2,Dark - Not Lighted,1,Clear,0,No,0000000,Not Applicable,99,Unknown,99,Unknown,99,Unknown EMS Scene Arrival Hour,99,Unknown EMS Scene Arrival Minutes,88,Not Applicable (Not Transported),88,Not Applicable (Not Transported),1
26,Michigan,260341,0,0,2,2,0,3,3,61,HOUGHTON (61),720,CALUMET,4,April,20,20,4,Wednesday,2022,17,5:00pm-5:59pm,50,50,SR-26,NA,3,State Highway,2,Urban,4,Minor Arterial,1,State Highway Agency,0,This section IS NOT on the NHS,0,No Special Jurisdiction,11,11,47.19993611,47.19993611,-88.42564444,-88.42564444,12,Motor Vehicle In-Transport,2,Front-to-Front,0,No,1,Non-Junction,1,Not an Intersection,1,On Roadway,0,None,1,Daylight,10,Cloudy,0,No,0000000,Not Applicable,99,Unknown,99,Unknown,99,Unknown EMS Scene Arrival Hour,99,Unknown EMS Scene Arrival Minutes,99,Unknown,99,Unknown EMS Hospital Arrival Time,1
26,Michigan,260342,0,0,1,1,0,1,1,37,CLINTON (37),0,NOT APPLICABLE,5,May,17,17,3,Tuesday,2022,20,8:00pm-8:59pm,25,25,CR-STATE RD,SR-78 LANSING RD,4,County Road,1,Rural,7,Local,2,County Highway Agency,0,This section IS NOT on the NHS,0,No Special Jurisdiction,0,None,42.78450278,42.78450278,-84.38063056,-84.38063056,1,Rollover/Overturn,0,The First Harmful Event was Not a Collision with a Motor Vehicle in Transport,0,No,3,Intersection-Related,3,T-Intersection,4,On Roadside,0,None,1,Daylight,1,Clear,0,No,0000000,Not Applicable,20,8:00pm-8:59pm,26,26,20,8:00pm-8:59pm,37,37,99,Unknown,99,Unknown EMS Hospital Arrival Time,1
26,Michigan,260343,0,0,2,2,0,2,2,121,MUSKEGON (121),3460,MUSKEGON HTS,5,May,28,28,7,Saturday,2022,11,11:00am-11:59am,44,44,HACKLEY RD,WOOD ST,6,Local Street - Municipality,2,Urban,4,Minor Arterial,4,City or Municipal Highway Agency,0,This section IS NOT on the NHS,0,No Special Jurisdiction,36,36,43.21231389,43.21231389,-86.23450556,-86.23450556,12,Motor Vehicle In-Transport,6,Angle,0,No,2,Intersection,2,Four-Way Intersection,1,On Roadway,0,None,1,Daylight,1,Clear,0,No,0000000,Not Applicable,11,11:00am-11:59am,44,44,99,Unknown EMS Scene Arrival Hour,99,Unknown EMS Scene Arrival Minutes,88,Not Applicable (Not Transported),88,Not Applicable (Not Transported),1
26,Michigan,260344,0,0,2,2,0,4,4,165,WEXFORD (165),0,NOT APPLICABLE,5,May,31,31,3,Tuesday,2022,13,1:00pm-1:59pm,48,48,CR-E 32 RD,S 37 RD,4,County Road,1,Rural,7,Local,2,County Highway Agency,0,This section IS NOT on the NHS,0,No Special Jurisdiction,70,70,44.29523056,44.29523056,-85.45827222,-85.45827222,12,Motor Vehicle In-Transport,6,Angle,0,No,2,Intersection,2,Four-Way Intersection,1,On Roadway,0,None,1,Daylight,1,Clear,0,No,0000000,Not Applicable,13,1:00pm-1:59pm,51,51,14,2:00pm-2:59pm,0,0,99,Unknown,99,Unknown EMS Hospital Arrival Time,1
26,Michigan,260345,1,1,1,1,0,2,2,163,WAYNE (163),1260,DETROIT,5,May,14,14,7,Saturday,2022,14,2:00pm-2:59pm,43,43,CR-MCNICHOLS RD,NA,4,County Road,2,Urban,3,Principal Arterial - Other,2,County Highway Agency,1,This section IS ON the NHS,0,No Special Jurisdiction,153,153,42.41469722,42.41469722,-83.25101667,-83.25101667,8,Pedestrian,0,The First Harmful Event was Not a Collision with a Motor Vehicle in Transport,0,No,1,Non-Junction,1,Not an Intersection,1,On Roadway,0,None,1,Daylight,1,Clear,0,No,0000000,Not Applicable,99,Unknown,99,Unknown,99,Unknown EMS Scene Arrival Hour,99,Unknown EMS Scene Arrival Minutes,99,Unknown,99,Unknown EMS Hospital Arrival Time,1
26,Michigan,260346,0,0,1,1,0,1,1,117,MONTCALM (117),0,NOT APPLICABLE,6,June,13,13,2,Monday,2022,11,11:00am-11:59am,34,34,CR-N CRYSTAL RD,NA,4,County Road,1,Rural,5,Major Collector,2,County Highway Agency,0,This section IS NOT on the NHS,0,No Special Jurisdiction,0,None,43.379675,43.379675,-84.90470556,-84.90470556,42,Tree (Standing Only),0,The First Harmful Event was Not a Collision with a Motor Vehicle in Transport,0,No,1,Non-Junction,1,Not an Intersection,4,On Roadside,0,None,1,Daylight,1,Clear,0,No,0000000,Not Applicable,99,Unknown,99,Unknown,99,Unknown EMS Scene Arrival Hour,99,Unknown EMS Scene Arrival Minutes,88,Not Applicable (Not Transported),88,Not Applicable (Not Transported),1
26,Michigan,260347,0,0,2,2,0,2,2,75,JACKSON (75),0,NOT APPLICABLE,6,June,21,21,3,Tuesday,2022,15,3:00pm-3:59pm,46,46,SR-124 WELLWOOD RD,NA,3,State Highway,1,Rural,6,Minor Collector,1,State Highway Agency,0,This section IS NOT on the NHS,0,No Special Jurisdiction,63,63,42.07678056,42.07678056,-84.13720278,-84.13720278,12,Motor Vehicle In-Transport,2,Front-to-Front,0,No,1,Non-Junction,1,Not an Intersection,1,On Roadway,0,None,1,Daylight,1,Clear,0,No,0000000,Not Applicable,15,3:00pm-3:59pm,47,47,15,3:00pm-3:59pm,53,53,99,Unknown,99,Unknown EMS Hospital Arrival Time,1
26,Michigan,260348,1,1,1,1,0,1,1,35,CLARE (35),2180,HARRISON,6,June,22,22,4,Wednesday,2022,13,1:00pm-1:59pm,2,2,E MAIN ST,E MAIN ST,6,Local Street - Municipality,1,Rural,7,Local,4,City or Municipal Highway Agency,0,This section IS NOT on the NHS,0,No Special Jurisdiction,0,None,44.01980833,44.01980833,-84.79943333,-84.79943333,15,Non-Motorist on Personal Conveyance,0,The First Harmful Event was Not a Collision with a Motor Vehicle in Transport,0,No,3,Intersection-Related,2,Four-Way Intersection,1,On Roadway,0,None,1,Daylight,1,Clear,0,No,0000000,Not Applicable,13,1:00pm-1:59pm,5,5,13,1:00pm-1:59pm,9,9,88,Not Applicable (Not Transported),88,Not Applicable (Not Transported),1
26,Michigan,260349,0,0,2,1,1,2,2,65,INGHAM (65),0,NOT APPLICABLE,6,June,22,22,4,Wednesday,2022,9,9:00am-9:59am,3,3,US-127,NA,2,US Highway,2,Urban,2,Principal Arterial - Other Freeways and Expressways,1,State Highway Agency,1,This section IS ON the NHS,0,No Special Jurisdiction,183,183,42.67028611,42.67028611,-84.48984444,-84.48984444,14,Parked Motor Vehicle,0,The First Harmful Event was Not a Collision with a Motor Vehicle in Transport,0,No,1,Non-Junction,1,Not an Intersection,4,On Roadside,0,None,1,Daylight,1,Clear,0,No,0000000,Not Applicable,9,9:00am-9:59am,3,3,9,9:00am-9:59am,11,11,99,Unknown,99,Unknown EMS Hospital Arrival Time,1
26,Michigan,260350,0,0,1,1,0,1,1,107,MECOSTA (107),0,NOT APPLICABLE,5,May,30,30,2,Monday,2022,5,5:00am-5:59am,41,41,CR-CLEVELAND RD,NA,4,County Road,1,Rural,5,Major Collector,2,County Highway Agency,0,This section IS NOT on the NHS,0,No Special Jurisdiction,0,None,43.66644444,43.66644444,-85.26456111,-85.26456111,1,Rollover/Overturn,0,The First Harmful Event was Not a Collision with a Motor Vehicle in Transport,0,No,1,Non-Junction,1,Not an Intersection,4,On Roadside,0,None,2,Dark - Not Lighted,99,Reported as Unknown,0,No,0000000,Not Applicable,5,5:00am-5:59am,42,42,5,5:00am-5:59am,52,52,88,Not Applicable (Not Transported),88,Not Applicable (Not Transported),1
26,Michigan,260351,0,0,2,2,0,2,2,123,NEWAYGO (123),0,NOT APPLICABLE,5,May,20,20,6,Friday,2022,12,12:00pm-12:59pm,23,23,CR-44TH ST,GREEN AVE,4,County Road,1,Rural,5,Major Collector,2,County Highway Agency,0,This section IS NOT on the NHS,0,No Special Jurisdiction,12,12,43.474425,43.474425,-85.97953889,-85.97953889,12,Motor Vehicle In-Transport,6,Angle,0,No,2,Intersection,2,Four-Way Intersection,1,On Roadway,0,None,1,Daylight,10,Cloudy,0,No,0000000,Not Applicable,12,12:00pm-12:59pm,23,23,12,12:00pm-12:59pm,28,28,99,Unknown,99,Unknown EMS Hospital Arrival Time,1
26,Michigan,260352,0,0,1,1,0,1,1,147,ST. CLAIR (147),4060,PORT HURON,5,May,12,12,5,Thursday,2022,10,10:00am-10:59am,31,31,SR-94 BUS I-94 MILITARY ST,NA,3,State Highway,2,Urban,3,Principal Arterial - Other,1,State Highway Agency,1,This section IS ON the NHS,0,No Special Jurisdiction,180,180,42.94405278,42.94405278,-82.44553611,-82.44553611,3,Immersion or Partial Immersion,0,The First Harmful Event was Not a Collision with a Motor Vehicle in Transport,0,No,1,Non-Junction,1,Not an Intersection,5,Outside Trafficway,0,None,9,Reported as Unknown,99,Reported as Unknown,0,No,0000000,Not Applicable,99,Unknown,98,Unknown if Notified,99,Unknown EMS Scene Arrival Hour,98,Unknown if Arrived,88,Not Applicable (Not Transported),88,Not Applicable (Not Transported),1
26,Michigan,260353,0,0,1,1,0,1,1,163,WAYNE (163),2070,GROSSE POINTE,5,May,30,30,2,Monday,2022,1,1:00am-1:59am,44,44,CR-MACK RD,NA,4,County Road,2,Urban,3,Principal Arterial - Other,2,County Highway Agency,1,This section IS ON the NHS,0,No Special Jurisdiction,69,69,42.39516111,42.39516111,-82.92167778,-82.92167778,33,Curb,0,The First Harmful Event was Not a Collision with a Motor Vehicle in Transport,0,No,1,Non-Junction,1,Not an Intersection,4,On Roadside,0,None,3,Dark - Lighted,1,Clear,0,No,0000000,Not Applicable,99,Unknown,99,Unknown,99,Unknown EMS Scene Arrival Hour,99,Unknown EMS Scene Arrival Minutes,88,Not Applicable (Not Transported),88,Not Applicable (Not Transported),1
26,Michigan,260354,1,1,1,1,0,1,1,15,BARRY (15),0,NOT APPLICABLE,5,May,8,8,1,Sunday,2022,1,1:00am-1:59am,12,12,CR-DELTON RD,NA,4,County Road,1,Rural,5,Major Collector,2,County Highway Agency,0,This section IS NOT on the NHS,0,No Special Jurisdiction,17,17,42.50371667,42.50371667,-85.42335556,-85.42335556,8,Pedestrian,0,The First Harmful Event was Not a Collision with a Motor Vehicle in Transport,0,No,1,Non-Junction,1,Not an Intersection,1,On Roadway,0,None,2,Dark - Not Lighted,1,Clear,0,No,0000000,Not Applicable,99,Unknown,99,Unknown,99,Unknown EMS Scene Arrival Hour,99,Unknown EMS Scene Arrival Minutes,88,Not Applicable (Not Transported),88,Not Applicable (Not Transported),1
26,Michigan,260355,0,0,2,2,0,3,3,163,WAYNE (163),1212,DEARBORN HEIGHTS,5,May,12,12,5,Thursday,2022,18,6:00pm-6:59pm,35,35,SR-153 FORD RD,NA,3,State Highway,2,Urban,3,Principal Arterial - Other,1,State Highway Agency,1,This section IS ON the NHS,0,No Special Jurisdiction,129,129,42.32656944,42.32656944,-83.29476667,-83.29476667,12,Motor Vehicle In-Transport,6,Angle,0,No,8,Driveway Access Related,1,Not an Intersection,1,On Roadway,0,None,1,Daylight,1,Clear,0,No,0000000,Not Applicable,99,Unknown,99,Unknown,99,Unknown EMS Scene Arrival Hour,99,Unknown EMS Scene Arrival Minutes,88,Not Applicable (Not Transported),88,Not Applicable (Not Transported),1
26,Michigan,260356,0,0,1,1,0,2,2,91,LENAWEE (91),0,NOT APPLICABLE,5,May,22,22,1,Sunday,2022,7,7:00am-7:59am,17,17,US-12,NA,2,US Highway,1,Rural,3,Principal Arterial - Other,1,State Highway Agency,1,This section IS ON the NHS,0,No Special Jurisdiction,17,17,42.07239722,42.07239722,-84.07726111,-84.07726111,53,Mail Box,0,The First Harmful Event was Not a Collision with a Motor Vehicle in Transport,0,No,1,Non-Junction,1,Not an Intersection,4,On Roadside,0,None,2,Dark - Not Lighted,1,Clear,0,No,0000000,Not Applicable,99,Unknown,98,Unknown if Notified,99,Unknown EMS Scene Arrival Hour,98,Unknown if Arrived,88,Not Applicable (Not Transported),88,Not Applicable (Not Transported),1
26,Michigan,260357,0,0,1,1,0,1,1,139,OTTAWA (139),0,NOT APPLICABLE,6,June,20,20,2,Monday,2022,17,5:00pm-5:59pm,7,7,CR-136TH AVE,NA,4,County Road,2,Urban,4,Minor Arterial,2,County Highway Agency,0,This section IS NOT on the NHS,0,No Special Jurisdiction,16,16,42.83071111,42.83071111,-86.11767778,-86.11767778,1,Rollover/Overturn,0,The First Harmful Event was Not a Collision with a Motor Vehicle in Transport,0,No,1,Non-Junction,1,Not an Intersection,1,On Roadway,0,None,1,Daylight,1,Clear,0,No,0000000,Not Applicable,17,5:00pm-5:59pm,8,8,17,5:00pm-5:59pm,11,11,99,Unknown,99,Unknown EMS Hospital Arrival Time,1
26,Michigan,260358,1,1,1,1,0,1,1,163,WAYNE (163),1260,DETROIT,5,May,30,30,2,Monday,2022,7,7:00am-7:59am,50,50,MARTIN LUTHER KING JR BLVD,23RD ST,6,Local Street - Municipality,2,Urban,3,Principal Arterial - Other,2,County Highway Agency,1,This section IS ON the NHS,0,No Special Jurisdiction,3,3,42.33539444,42.33539444,-83.09293889,-83.09293889,9,Pedalcyclist,0,The First Harmful Event was Not a Collision with a Motor Vehicle in Transport,0,No,3,Intersection-Related,2,Four-Way Intersection,1,On Roadway,0,None,1,Daylight,1,Clear,0,No,0000000,Not Applicable,99,Unknown,99,Unknown,99,Unknown EMS Scene Arrival Hour,99,Unknown EMS Scene Arrival Minutes,99,Unknown,99,Unknown EMS Hospital Arrival Time,1
26,Michigan,260359,1,1,1,1,0,1,1,79,KALKASKA (79),0,NOT APPLICABLE,6,June,16,16,5,Thursday,2022,14,2:00pm-2:59pm,11,11,US-131,NA,2,US Highway,1,Rural,3,Principal Arterial - Other,1,State Highway Agency,1,This section IS ON the NHS,0,No Special Jurisdiction,39,39,44.64013333,44.64013333,-85.28708889,-85.28708889,8,Pedestrian,0,The First Harmful Event was Not a Collision with a Motor Vehicle in Transport,0,No,1,Non-Junction,1,Not an Intersection,1,On Roadway,0,None,1,Daylight,1,Clear,0,No,0000000,Not Applicable,99,Unknown,99,Unknown,99,Unknown EMS Scene Arrival Hour,99,Unknown EMS Scene Arrival Minutes,88,Not Applicable (Not Transported),88,Not Applicable (Not Transported),1
26,Michigan,260360,0,0,2,2,0,3,3,45,EATON (45),4770,SUNFIELD,6,June,22,22,4,Wednesday,2022,19,7:00pm-7:59pm,40,40,SR-43 W GRAND LEDGE HWY,NA,3,State Highway,1,Rural,4,Minor Arterial,1,State Highway Agency,0,This section IS NOT on the NHS,0,No Special Jurisdiction,2,2,42.75593333,42.75593333,-85.04418056,-85.04418056,12,Motor Vehicle In-Transport,2,Front-to-Front,0,No,1,Non-Junction,1,Not an Intersection,1,On Roadway,0,None,1,Daylight,1,Clear,0,No,0000000,Not Applicable,19,7:00pm-7:59pm,41,41,19,7:00pm-7:59pm,57,57,88,Not Applicable (Not Transported),88,Not Applicable (Not Transported),1
26,Michigan,260361,0,0,2,2,0,4,4,125,OAKLAND (125),0,NOT APPLICABLE,6,June,24,24,6,Friday,2022,19,7:00pm-7:59pm,3,3,SR-59 HIGHLAND RD,NA,3,State Highway,2,Urban,3,Principal Arterial - Other,1,State Highway Agency,1,This section IS ON the NHS,0,No Special Jurisdiction,164,164,42.65363056,42.65363056,-83.37232222,-83.37232222,12,Motor Vehicle In-Transport,6,Angle,0,No,8,Driveway Access Related,1,Not an Intersection,1,On Roadway,0,None,1,Daylight,1,Clear,0,No,0000000,Not Applicable,19,7:00pm-7:59pm,3,3,19,7:00pm-7:59pm,7,7,99,Unknown,99,Unknown EMS Hospital Arrival Time,1
26,Michigan,260362,0,0,1,1,0,1,1,99,MACOMB (99),0,NOT APPLICABLE,3,March,29,29,3,Tuesday,2022,5,5:00am-5:59am,48,48,CR-CAPAC RD,NA,4,County Road,1,Rural,4,Minor Arterial,2,County Highway Agency,0,This section IS NOT on the NHS,0,No Special Jurisdiction,9,9,42.86308889,42.86308889,-82.94493056,-82.94493056,32,Culvert,0,The First Harmful Event was Not a Collision with a Motor Vehicle in Transport,0,No,1,Non-Junction,1,Not an Intersection,4,On Roadside,0,None,2,Dark - Not Lighted,1,Clear,0,No,0000000,Not Applicable,99,Unknown,98,Unknown if Notified,99,Unknown EMS Scene Arrival Hour,98,Unknown if Arrived,88,Not Applicable (Not Transported),88,Not Applicable (Not Transported),1
26,Michigan,260363,0,0,1,1,0,1,1,161,WASHTENAW (161),0,NOT APPLICABLE,6,June,26,26,1,Sunday,2022,3,3:00am-3:59am,7,7,CR-DEXTER ANN ARBOR RD,NA,4,County Road,2,Urban,4,Minor Arterial,2,County Highway Agency,0,This section IS NOT on the NHS,0,No Special Jurisdiction,27,27,42.31973611,42.31973611,-83.85899722,-83.85899722,34,Ditch,0,The First Harmful Event was Not a Collision with a Motor Vehicle in Transport,0,No,1,Non-Junction,1,Not an Intersection,4,On Roadside,0,None,2,Dark - Not Lighted,10,Cloudy,0,No,0000000,Not Applicable,99,Unknown,99,Unknown,99,Unknown EMS Scene Arrival Hour,99,Unknown EMS Scene Arrival Minutes,88,Not Applicable (Not Transported),88,Not Applicable (Not Transported),1
26,Michigan,260364,1,1,1,1,0,1,1,161,WASHTENAW (161),150,ANN ARBOR,3,March,30,30,4,Wednesday,2022,4,4:00am-4:59am,9,9,STADIUM BLVD,THALER AVE,6,Local Street - Municipality,2,Urban,3,Principal Arterial - Other,4,City or Municipal Highway Agency,1,This section IS ON the NHS,0,No Special Jurisdiction,2,2,42.27571944,42.27571944,-83.77782222,-83.77782222,9,Pedalcyclist,0,The First Harmful Event was Not a Collision with a Motor Vehicle in Transport,0,No,2,Intersection,3,T-Intersection,1,On Roadway,0,None,3,Dark - Lighted,2,Rain,0,No,0000000,Not Applicable,99,Unknown,99,Unknown,99,Unknown EMS Scene Arrival Hour,99,Unknown EMS Scene Arrival Minutes,99,Unknown,99,Unknown EMS Hospital Arrival Time,1
26,Michigan,260365,0,0,1,1,0,1,1,47,EMMET (47),762,CARP LAKE,6,June,22,22,4,Wednesday,2022,4,4:00am-4:59am,34,34,CR-SCHMALZRIED RD,NA,4,County Road,1,Rural,7,Local,2,County Highway Agency,0,This section IS NOT on the NHS,0,No Special Jurisdiction,24,24,45.66541389,45.66541389,-84.82771389,-84.82771389,11,Live Animal,0,The First Harmful Event was Not a Collision with a Motor Vehicle in Transport,0,No,1,Non-Junction,1,Not an Intersection,1,On Roadway,0,None,2,Dark - Not Lighted,1,Clear,0,No,0000000,Not Applicable,4,4:00am-4:59am,34,34,4,4:00am-4:59am,51,51,99,Unknown,99,Unknown EMS Hospital Arrival Time,1
26,Michigan,260366,0,0,2,2,0,2,2,77,KALAMAZOO (77),1084,COMSTOCK,6,June,24,24,6,Friday,2022,6,6:00am-6:59am,50,50,I-94 BL,SPRINKLE RD,1,Interstate,2,Urban,3,Principal Arterial - Other,1,State Highway Agency,1,This section IS ON the NHS,0,No Special Jurisdiction,18,18,42.27035556,42.27035556,-85.53091111,-85.53091111,12,Motor Vehicle In-Transport,6,Angle,0,No,2,Intersection,2,Four-Way Intersection,1,On Roadway,0,None,1,Daylight,1,Clear,0,No,0000000,Not Applicable,6,6:00am-6:59am,55,55,7,7:00am-7:59am,0,0,88,Not Applicable (Not Transported),88,Not Applicable (Not Transported),1
26,Michigan,260367,0,0,2,2,0,2,2,163,WAYNE (163),5176,WESTLAND,6,June,28,28,3,Tuesday,2022,13,1:00pm-1:59pm,57,57,CENTRAL CITY PKWY,NA,6,Local Street - Municipality,2,Urban,5,Major Collector,4,City or Municipal Highway Agency,0,This section IS NOT on the NHS,0,No Special Jurisdiction,10,10,42.33639722,42.33639722,-83.40038611,-83.40038611,12,Motor Vehicle In-Transport,6,Angle,0,No,8,Driveway Access Related,1,Not an Intersection,1,On Roadway,0,None,1,Daylight,1,Clear,0,No,0000000,Not Applicable,13,1:00pm-1:59pm,58,58,14,2:00pm-2:59pm,2,2,99,Unknown,99,Unknown EMS Hospital Arrival Time,1
26,Michigan,260368,0,0,2,2,0,2,2,33,CHIPPEWA (33),3945,PICKFORD,6,June,23,23,5,Thursday,2022,12,12:00pm-12:59pm,16,16,SR-129,E TAYLOR RD,3,State Highway,1,Rural,5,Major Collector,1,State Highway Agency,0,This section IS NOT on the NHS,0,No Special Jurisdiction,0,None,46.12929167,46.12929167,-84.36328056,-84.36328056,12,Motor Vehicle In-Transport,6,Angle,0,No,2,Intersection,2,Four-Way Intersection,1,On Roadway,0,None,1,Daylight,1,Clear,0,No,0000000,Not Applicable,12,12:00pm-12:59pm,16,16,12,12:00pm-12:59pm,27,27,99,Unknown,99,Unknown EMS Hospital Arrival Time,1
26,Michigan,260369,0,0,2,2,0,2,2,163,WAYNE (163),4166,REDFORD TOWNSHIP,6,June,25,25,7,Saturday,2022,21,9:00pm-9:59pm,28,28,US-24 TELEGRAPH RD,NA,2,US Highway,2,Urban,3,Principal Arterial - Other,1,State Highway Agency,1,This section IS ON the NHS,0,No Special Jurisdiction,147,147,42.40230278,42.40230278,-83.27689722,-83.27689722,12,Motor Vehicle In-Transport,1,Front-to-Rear,0,No,1,Non-Junction,1,Not an Intersection,1,On Roadway,0,None,1,Daylight,1,Clear,0,No,0000000,Not Applicable,21,9:00pm-9:59pm,30,30,21,9:00pm-9:59pm,35,35,99,Unknown,99,Unknown EMS Hospital Arrival Time,1
26,Michigan,260370,0,0,2,2,0,2,2,147,ST. CLAIR (147),4060,PORT HURON,6,June,24,24,6,Friday,2022,12,12:00pm-12:59pm,26,26,SR-OAK ST,13TH ST,3,State Highway,2,Urban,3,Principal Arterial - Other,1,State Highway Agency,1,This section IS ON the NHS,0,No Special Jurisdiction,291,291,42.96619167,42.96619167,-82.43741111,-82.43741111,12,Motor Vehicle In-Transport,6,Angle,0,No,2,Intersection,2,Four-Way Intersection,1,On Roadway,0,None,1,Daylight,1,Clear,0,No,0000000,Not Applicable,12,12:00pm-12:59pm,27,27,12,12:00pm-12:59pm,31,31,99,Unknown,99,Unknown EMS Hospital Arrival Time,1
26,Michigan,260371,0,0,1,1,0,1,1,111,MIDLAND (111),0,NOT APPLICABLE,4,April,20,20,4,Wednesday,2022,17,5:00pm-5:59pm,30,30,CR-STARK RD,NA,4,County Road,2,Urban,5,Major Collector,2,County Highway Agency,0,This section IS NOT on the NHS,0,No Special Jurisdiction,26,26,43.68758056,43.68758056,-84.30967778,-84.30967778,34,Ditch,0,The First Harmful Event was Not a Collision with a Motor Vehicle in Transport,0,No,1,Non-Junction,1,Not an Intersection,4,On Roadside,0,None,1,Daylight,1,Clear,0,No,0000000,Not Applicable,99,Unknown,99,Unknown,99,Unknown EMS Scene Arrival Hour,99,Unknown EMS Scene Arrival Minutes,99,Unknown,99,Unknown EMS Hospital Arrival Time,1
26,Michigan,260372,0,0,1,1,0,1,1,117,MONTCALM (117),0,NOT APPLICABLE,5,May,6,6,6,Friday,2022,22,10:00pm-10:59pm,48,48,CR-PECK RD,LAKE RD,4,County Road,1,Rural,7,Local,2,County Highway Agency,0,This section IS NOT on the NHS,0,No Special Jurisdiction,43,43,43.21386944,43.21386944,-85.20248333,-85.20248333,1,Rollover/Overturn,0,The First Harmful Event was Not a Collision with a Motor Vehicle in Transport,0,No,3,Intersection-Related,3,T-Intersection,4,On Roadside,0,None,2,Dark - Not Lighted,1,Clear,0,No,0000000,Not Applicable,22,10:00pm-10:59pm,49,49,22,10:00pm-10:59pm,53,53,88,Not Applicable (Not Transported),88,Not Applicable (Not Transported),1
26,Michigan,260373,0,0,2,2,0,2,2,125,OAKLAND (125),0,NOT APPLICABLE,6,June,24,24,6,Friday,2022,15,3:00pm-3:59pm,7,7,CR-DIXIE HWY,HUTCHINSON,4,County Road,2,Urban,4,Minor Arterial,2,County Highway Agency,0,This section IS NOT on the NHS,0,No Special Jurisdiction,39,39,42.784175,42.784175,-83.50320833,-83.50320833,12,Motor Vehicle In-Transport,2,Front-to-Front,0,No,2,Intersection,3,T-Intersection,1,On Roadway,0,None,1,Daylight,1,Clear,0,No,0000000,Not Applicable,15,3:00pm-3:59pm,8,8,15,3:00pm-3:59pm,14,14,99,Unknown,99,Unknown EMS Hospital Arrival Time,1
26,Michigan,260374,0,0,2,2,0,3,3,93,LIVINGSTON (93),0,NOT APPLICABLE,5,May,13,13,6,Friday,2022,17,5:00pm-5:59pm,14,14,CR-KENSING RD,NA,4,County Road,2,Urban,3,Principal Arterial - Other,2,County Highway Agency,1,This section IS ON the NHS,0,No Special Jurisdiction,17,17,42.52085833,42.52085833,-83.689225,-83.689225,12,Motor Vehicle In-Transport,6,Angle,1,Yes,18,Through Roadway,1,Not an Intersection,1,On Roadway,0,None,1,Daylight,1,Clear,0,No,0000000,Not Applicable,99,Unknown,99,Unknown,99,Unknown EMS Scene Arrival Hour,99,Unknown EMS Scene Arrival Minutes,99,Unknown,99,Unknown EMS Hospital Arrival Time,1
26,Michigan,260375,0,0,1,1,0,2,2,163,WAYNE (163),1260,DETROIT,6,June,27,27,2,Monday,2022,0,0:00am-0:59am,29,29,CENTRAL ST,NA,6,Local Street - Municipality,2,Urban,4,Minor Arterial,4,City or Municipal Highway Agency,0,This section IS NOT on the NHS,0,No Special Jurisdiction,15,15,42.32243056,42.32243056,-83.13143056,-83.13143056,10,Railway Vehicle,0,The First Harmful Event was Not a Collision with a Motor Vehicle in Transport,0,No,6,Railway Grade Crossing,1,Not an Intersection,1,On Roadway,0,None,2,Dark - Not Lighted,1,Clear,0,No,511948E,511948E,99,Unknown,99,Unknown,99,Unknown EMS Scene Arrival Hour,99,Unknown EMS Scene Arrival Minutes,88,Not Applicable (Not Transported),88,Not Applicable (Not Transported),2
26,Michigan,260376,0,0,5,5,0,8,8,65,INGHAM (65),2700,LANSING,5,May,22,22,1,Sunday,2022,12,12:00pm-12:59pm,30,30,I-496,NA,1,Interstate,1,Rural,1,Interstate,1,State Highway Agency,1,This section IS ON the NHS,0,No Special Jurisdiction,27,27,42.72575,42.72575,-84.55031389,-84.55031389,12,Motor Vehicle In-Transport,1,Front-to-Rear,1,Yes,18,Through Roadway,1,Not an Intersection,1,On Roadway,0,None,1,Daylight,1,Clear,0,No,0000000,Not Applicable,12,12:00pm-12:59pm,26,26,12,12:00pm-12:59pm,34,34,99,Unknown,99,Unknown EMS Hospital Arrival Time,1
26,Michigan,260377,0,0,2,2,0,2,2,75,JACKSON (75),0,NOT APPLICABLE,6,June,28,28,3,Tuesday,2022,20,8:00pm-8:59pm,57,57,CR-PAGE AVE,NA,4,County Road,2,Urban,3,Principal Arterial - Other,2,County Highway Agency,1,This section IS ON the NHS,0,No Special Jurisdiction,12,12,42.24047778,42.24047778,-84.37339167,-84.37339167,12,Motor Vehicle In-Transport,2,Front-to-Front,0,No,1,Non-Junction,1,Not an Intersection,1,On Roadway,0,None,5,Dusk,1,Clear,0,No,0000000,Not Applicable,20,8:00pm-8:59pm,58,58,21,9:00pm-9:59pm,4,4,88,Not Applicable (Not Transported),88,Not Applicable (Not Transported),2
26,Michigan,260378,0,0,1,1,0,1,1,161,WASHTENAW (161),0,NOT APPLICABLE,6,June,30,30,5,Thursday,2022,0,0:00am-0:59am,29,29,CR-N TERRITORIAL,NA,4,County Road,1,Rural,4,Minor Arterial,2,County Highway Agency,0,This section IS NOT on the NHS,0,No Special Jurisdiction,99,99,42.38401389,42.38401389,-83.8936,-83.8936,42,Tree (Standing Only),0,The First Harmful Event was Not a Collision with a Motor Vehicle in Transport,0,No,1,Non-Junction,1,Not an Intersection,4,On Roadside,0,None,2,Dark - Not Lighted,1,Clear,0,No,0000000,Not Applicable,0,0:00am-0:59am,33,33,0,0:00am-0:59am,41,41,88,Not Applicable (Not Transported),88,Not Applicable (Not Transported),1
26,Michigan,260379,0,0,1,1,0,2,2,145,SAGINAW (145),0,NOT APPLICABLE,6,June,16,16,5,Thursday,2022,16,4:00pm-4:59pm,0,0,SR-84 BAY RD,KOCHVILLE RD,3,State Highway,2,Urban,3,Principal Arterial - Other,1,State Highway Agency,1,This section IS ON the NHS,0,No Special Jurisdiction,47,47,43.49432778,43.49432778,-83.97336389,-83.97336389,1,Rollover/Overturn,0,The First Harmful Event was Not a Collision with a Motor Vehicle in Transport,0,No,3,Intersection-Related,2,Four-Way Intersection,1,On Roadway,0,None,1,Daylight,1,Clear,0,No,0000000,Not Applicable,99,Unknown,99,Unknown,99,Unknown EMS Scene Arrival Hour,99,Unknown EMS Scene Arrival Minutes,99,Unknown,99,Unknown EMS Hospital Arrival Time,1
26,Michigan,260380,1,1,1,1,0,1,1,155,SHIAWASSEE (155),0,NOT APPLICABLE,6,June,30,30,5,Thursday,2022,22,10:00pm-10:59pm,25,25,CR-BYRON RD,NA,4,County Road,1,Rural,5,Major Collector,2,County Highway Agency,0,This section IS NOT on the NHS,0,No Special Jurisdiction,10,10,42.79495,42.79495,-83.94286111,-83.94286111,8,Pedestrian,0,The First Harmful Event was Not a Collision with a Motor Vehicle in Transport,0,No,1,Non-Junction,1,Not an Intersection,1,On Roadway,0,None,2,Dark - Not Lighted,1,Clear,0,No,0000000,Not Applicable,99,Unknown,99,Unknown,99,Unknown EMS Scene Arrival Hour,99,Unknown EMS Scene Arrival Minutes,88,Not Applicable (Not Transported),88,Not Applicable (Not Transported),1
26,Michigan,260381,0,0,1,1,0,1,1,81,KENT (81),0,NOT APPLICABLE,6,June,29,29,4,Wednesday,2022,17,5:00pm-5:59pm,59,59,CR-LINCOLN LAKE AVE NE,OLD 14 MILE RD NE,4,County Road,1,Rural,5,Major Collector,2,County Highway Agency,0,This section IS NOT on the NHS,0,No Special Jurisdiction,215,215,43.17639722,43.17639722,-85.35275556,-85.35275556,1,Rollover/Overturn,0,The First Harmful Event was Not a Collision with a Motor Vehicle in Transport,0,No,3,Intersection-Related,2,Four-Way Intersection,1,On Roadway,0,None,1,Daylight,1,Clear,0,No,0000000,Not Applicable,99,Unknown,99,Unknown,99,Unknown EMS Scene Arrival Hour,99,Unknown EMS Scene Arrival Minutes,99,Unknown,99,Unknown EMS Hospital Arrival Time,1
26,Michigan,260382,0,0,2,2,0,2,2,163,WAYNE (163),1260,DETROIT,6,June,26,26,1,Sunday,2022,22,10:00pm-10:59pm,36,36,FERGUSON ST,MIDLAND ST,6,Local Street - Municipality,2,Urban,7,Local,4,City or Municipal Highway Agency,0,This section IS NOT on the NHS,0,No Special Jurisdiction,3,3,42.40491667,42.40491667,-83.20956389,-83.20956389,12,Motor Vehicle In-Transport,6,Angle,0,No,2,Intersection,2,Four-Way Intersection,1,On Roadway,0,None,3,Dark - Lighted,1,Clear,0,No,0000000,Not Applicable,99,Unknown,99,Unknown,99,Unknown EMS Scene Arrival Hour,99,Unknown EMS Scene Arrival Minutes,99,Unknown,99,Unknown EMS Hospital Arrival Time,1
26,Michigan,260383,0,0,2,2,0,2,2,163,WAYNE (163),1260,DETROIT,5,May,23,23,2,Monday,2022,1,1:00am-1:59am,18,18,SR-8 DAVISON HWY,NA,3,State Highway,2,Urban,2,Principal Arterial - Other Freeways and Expressways,1,State Highway Agency,1,This section IS ON the NHS,0,No Special Jurisdiction,39,39,42.40553333,42.40553333,-83.089625,-83.089625,12,Motor Vehicle In-Transport,7,Sideswipe - Same Direction,0,No,1,Non-Junction,1,Not an Intersection,1,On Roadway,4,"Work Zone, Type Unknown",3,Dark - Lighted,1,Clear,0,No,0000000,Not Applicable,99,Unknown,99,Unknown,99,Unknown EMS Scene Arrival Hour,99,Unknown EMS Scene Arrival Minutes,99,Unknown,99,Unknown EMS Hospital Arrival Time,1
26,Michigan,260384,1,1,1,1,0,1,1,99,MACOMB (99),5110,WARREN,6,June,14,14,3,Tuesday,2022,19,7:00pm-7:59pm,6,6,HOOVER RD,NA,6,Local Street - Municipality,2,Urban,4,Minor Arterial,4,City or Municipal Highway Agency,0,This section IS NOT on the NHS,0,No Special Jurisdiction,15,15,42.47082222,42.47082222,-83.006575,-83.006575,9,Pedalcyclist,0,The First Harmful Event was Not a Collision with a Motor Vehicle in Transport,0,No,8,Driveway Access Related,1,Not an Intersection,4,On Roadside,0,None,1,Daylight,1,Clear,0,No,0000000,Not Applicable,99,Unknown,99,Unknown,99,Unknown EMS Scene Arrival Hour,99,Unknown EMS Scene Arrival Minutes,99,Unknown,99,Unknown EMS Hospital Arrival Time,1
26,Michigan,260385,0,0,2,2,0,3,3,163,WAYNE (163),1260,DETROIT,6,June,9,9,5,Thursday,2022,17,5:00pm-5:59pm,10,10,CR-FENKELL ST,ARCHDALE ST,4,County Road,2,Urban,4,Minor Arterial,2,County Highway Agency,0,This section IS NOT on the NHS,0,No Special Jurisdiction,51,51,42.40115,42.40115,-83.21615278,-83.21615278,12,Motor Vehicle In-Transport,6,Angle,0,No,2,Intersection,2,Four-Way Intersection,1,On Roadway,0,None,1,Daylight,1,Clear,0,No,0000000,Not Applicable,99,Unknown,99,Unknown,99,Unknown EMS Scene Arrival Hour,99,Unknown EMS Scene Arrival Minutes,99,Unknown,99,Unknown EMS Hospital Arrival Time,1
26,Michigan,260386,0,0,2,2,0,2,2,59,HILLSDALE (59),0,NOT APPLICABLE,5,May,27,27,6,Friday,2022,21,9:00pm-9:59pm,0,0,CR-WALDRON RD,NA,4,County Road,1,Rural,5,Major Collector,2,County Highway Agency,0,This section IS NOT on the NHS,0,No Special Jurisdiction,2,2,41.709216670000004,41.709216670000004,-84.41890833,-84.41890833,12,Motor Vehicle In-Transport,1,Front-to-Rear,0,No,1,Non-Junction,1,Not an Intersection,1,On Roadway,0,None,5,Dusk,1,Clear,0,No,0000000,Not Applicable,99,Unknown,99,Unknown,99,Unknown EMS Scene Arrival Hour,99,Unknown EMS Scene Arrival Minutes,99,Unknown,99,Unknown EMS Hospital Arrival Time,1
26,Michigan,260387,1,1,2,2,0,5,5,163,WAYNE (163),1260,DETROIT,5,May,29,29,1,Sunday,2022,23,11:00pm-11:59pm,17,17,7 MILE RD,ALGONAC ST,6,Local Street - Municipality,2,Urban,3,Principal Arterial - Other,4,City or Municipal Highway Agency,1,This section IS ON the NHS,0,No Special Jurisdiction,216,216,42.43433611,42.43433611,-83.010025,-83.010025,8,Pedestrian,0,The First Harmful Event was Not a Collision with a Motor Vehicle in Transport,0,No,3,Intersection-Related,3,T-Intersection,1,On Roadway,0,None,3,Dark - Lighted,1,Clear,0,No,0000000,Not Applicable,99,Unknown,99,Unknown,99,Unknown EMS Scene Arrival Hour,99,Unknown EMS Scene Arrival Minutes,99,Unknown,99,Unknown EMS Hospital Arrival Time,1
26,Michigan,260388,0,0,2,2,0,2,2,147,ST. CLAIR (147),0,NOT APPLICABLE,5,May,30,30,2,Monday,2022,10,10:00am-10:59am,30,30,CR-KILGORE RD,NA,4,County Road,1,Rural,5,Major Collector,2,County Highway Agency,0,This section IS NOT on the NHS,0,No Special Jurisdiction,54,54,43.05716944,43.05716944,-82.69523611,-82.69523611,12,Motor Vehicle In-Transport,6,Angle,0,No,8,Driveway Access Related,1,Not an Intersection,1,On Roadway,0,None,1,Daylight,1,Clear,0,No,0000000,Not Applicable,10,10:00am-10:59am,35,35,10,10:00am-10:59am,46,46,99,Unknown,99,Unknown EMS Hospital Arrival Time,1
26,Michigan,260389,0,0,2,2,0,3,3,121,MUSKEGON (121),0,NOT APPLICABLE,5,May,30,30,2,Monday,2022,19,7:00pm-7:59pm,4,4,US-31 BR COLBY RD,NA,2,US Highway,2,Urban,3,Principal Arterial - Other,1,State Highway Agency,1,This section IS ON the NHS,0,No Special Jurisdiction,3,3,43.40903333,43.40903333,-86.31982222,-86.31982222,12,Motor Vehicle In-Transport,6,Angle,0,No,8,Driveway Access Related,1,Not an Intersection,1,On Roadway,0,None,1,Daylight,1,Clear,0,No,0000000,Not Applicable,19,7:00pm-7:59pm,4,4,19,7:00pm-7:59pm,5,5,88,Not Applicable (Not Transported),88,Not Applicable (Not Transported),1
26,Michigan,260390,0,0,2,2,0,3,3,49,GENESEE (49),1730,FLINT,5,May,8,8,1,Sunday,2022,2,2:00am-2:59am,21,21,SAGINAW ST,MOTT AVE,6,Local Street - Municipality,2,Urban,3,Principal Arterial - Other,4,City or Municipal Highway Agency,1,This section IS ON the NHS,0,No Special Jurisdiction,148,148,43.06425833,43.06425833,-83.69385556,-83.69385556,12,Motor Vehicle In-Transport,6,Angle,0,No,2,Intersection,2,Four-Way Intersection,1,On Roadway,0,None,3,Dark - Lighted,1,Clear,0,No,0000000,Not Applicable,99,Unknown,99,Unknown,99,Unknown EMS Scene Arrival Hour,99,Unknown EMS Scene Arrival Minutes,99,Unknown,99,Unknown EMS Hospital Arrival Time,1
26,Michigan,260391,0,0,2,2,0,2,2,77,KALAMAZOO (77),0,NOT APPLICABLE,5,May,30,30,2,Monday,2022,5,5:00am-5:59am,28,28,CR-9TH ST,NA,4,County Road,2,Urban,3,Principal Arterial - Other,2,County Highway Agency,1,This section IS ON the NHS,0,No Special Jurisdiction,16,16,42.25335278,42.25335278,-85.67749444,-85.67749444,12,Motor Vehicle In-Transport,6,Angle,0,No,8,Driveway Access Related,1,Not an Intersection,1,On Roadway,0,None,2,Dark - Not Lighted,1,Clear,0,No,0000000,Not Applicable,5,5:00am-5:59am,29,29,5,5:00am-5:59am,35,35,88,Not Applicable (Not Transported),88,Not Applicable (Not Transported),1
26,Michigan,260392,1,1,3,3,0,3,3,163,WAYNE (163),1260,DETROIT,5,May,29,29,1,Sunday,2022,5,5:00am-5:59am,24,24,CR-FENKELL RD,NA,4,County Road,2,Urban,4,Minor Arterial,2,County Highway Agency,0,This section IS NOT on the NHS,0,No Special Jurisdiction,42,42,42.40083056,42.40083056,-83.23146667,-83.23146667,8,Pedestrian,0,The First Harmful Event was Not a Collision with a Motor Vehicle in Transport,0,No,1,Non-Junction,1,Not an Intersection,1,On Roadway,0,None,3,Dark - Lighted,1,Clear,0,No,0000000,Not Applicable,99,Unknown,98,Unknown if Notified,99,Unknown EMS Scene Arrival Hour,98,Unknown if Arrived,88,Not Applicable (Not Transported),88,Not Applicable (Not Transported),1
26,Michigan,260393,1,1,1,1,0,1,1,91,LENAWEE (91),0,NOT APPLICABLE,6,June,1,1,4,Wednesday,2022,10,10:00am-10:59am,43,43,US-127 MERIDIAN RD,NA,2,US Highway,1,Rural,3,Principal Arterial - Other,1,State Highway Agency,1,This section IS ON the NHS,0,No Special Jurisdiction,118,118,41.87792778,41.87792778,-84.36192778,-84.36192778,18,Other Object (not fixed),0,The First Harmful Event was Not a Collision with a Motor Vehicle in Transport,0,No,1,Non-Junction,1,Not an Intersection,2,On Shoulder,0,None,1,Daylight,1,Clear,0,No,0000000,Not Applicable,10,10:00am-10:59am,42,42,10,10:00am-10:59am,50,50,88,Not Applicable (Not Transported),88,Not Applicable (Not Transported),1
26,Michigan,260394,1,1,1,1,0,1,1,81,KENT (81),785,CASCADE,6,June,3,3,6,Friday,2022,12,12:00pm-12:59pm,20,20,CR-SPAULDING RD,NA,4,County Road,2,Urban,4,Minor Arterial,2,County Highway Agency,0,This section IS NOT on the NHS,0,No Special Jurisdiction,2,2,42.92502222,42.92502222,-85.54000278,-85.54000278,9,Pedalcyclist,0,The First Harmful Event was Not a Collision with a Motor Vehicle in Transport,0,No,1,Non-Junction,1,Not an Intersection,1,On Roadway,0,None,1,Daylight,1,Clear,0,No,0000000,Not Applicable,12,12:00pm-12:59pm,24,24,12,12:00pm-12:59pm,34,34,88,Not Applicable (Not Transported),88,Not Applicable (Not Transported),1
26,Michigan,260395,0,0,2,2,0,2,2,49,GENESEE (49),0,NOT APPLICABLE,6,June,2,2,5,Thursday,2022,16,4:00pm-4:59pm,25,25,CR-HILL RD,WAKEFIELD RD,4,County Road,2,Urban,5,Major Collector,2,County Highway Agency,0,This section IS NOT on the NHS,0,No Special Jurisdiction,139,139,42.94641389,42.94641389,-83.58324722,-83.58324722,12,Motor Vehicle In-Transport,6,Angle,0,No,2,Intersection,3,T-Intersection,1,On Roadway,0,None,1,Daylight,1,Clear,0,No,0000000,Not Applicable,16,4:00pm-4:59pm,25,25,16,4:00pm-4:59pm,31,31,99,Unknown,99,Unknown EMS Hospital Arrival Time,1
26,Michigan,260396,0,0,2,2,0,5,5,139,OTTAWA (139),2503,JAMESTOWN,6,June,4,4,7,Saturday,2022,15,3:00pm-3:59pm,4,4,CR-8TH AVE,JACKSON ST,4,County Road,2,Urban,4,Minor Arterial,2,County Highway Agency,0,This section IS NOT on the NHS,0,No Special Jurisdiction,60,60,42.85633333,42.85633333,-85.80195,-85.80195,12,Motor Vehicle In-Transport,6,Angle,0,No,2,Intersection,2,Four-Way Intersection,1,On Roadway,0,None,1,Daylight,1,Clear,0,No,0000000,Not Applicable,15,3:00pm-3:59pm,6,6,15,3:00pm-3:59pm,10,10,99,Unknown,99,Unknown EMS Hospital Arrival Time,1
26,Michigan,260397,0,0,1,1,0,3,3,45,EATON (45),0,NOT APPLICABLE,6,June,4,4,7,Saturday,2022,20,8:00pm-8:59pm,36,36,CR-MARSHALL RD,NA,4,County Road,1,Rural,5,Major Collector,2,County Highway Agency,0,This section IS NOT on the NHS,0,No Special Jurisdiction,62,62,42.49025,42.49025,-84.862225,-84.862225,1,Rollover/Overturn,0,The First Harmful Event was Not a Collision with a Motor Vehicle in Transport,0,No,1,Non-Junction,1,Not an Intersection,4,On Roadside,0,None,1,Daylight,1,Clear,0,No,0000000,Not Applicable,20,8:00pm-8:59pm,36,36,20,8:00pm-8:59pm,44,44,99,Unknown,99,Unknown EMS Hospital Arrival Time,1
26,Michigan,260398,0,0,1,1,0,1,1,129,OGEMAW (129),0,NOT APPLICABLE,6,June,6,6,2,Monday,2022,18,6:00pm-6:59pm,31,31,SR-33,NA,3,State Highway,1,Rural,3,Principal Arterial - Other,1,State Highway Agency,1,This section IS ON the NHS,0,No Special Jurisdiction,193,193,44.43711389,44.43711389,-84.12476944,-84.12476944,1,Rollover/Overturn,0,The First Harmful Event was Not a Collision with a Motor Vehicle in Transport,0,No,1,Non-Junction,1,Not an Intersection,4,On Roadside,0,None,1,Daylight,10,Cloudy,0,No,0000000,Not Applicable,18,6:00pm-6:59pm,31,31,18,6:00pm-6:59pm,40,40,88,Not Applicable (Not Transported),88,Not Applicable (Not Transported),1
26,Michigan,260399,0,0,2,2,0,2,2,163,WAYNE (163),1920,GARDEN CITY,6,June,7,7,3,Tuesday,2022,11,11:00am-11:59am,44,44,CR-MERRIMAN RD,NA,4,County Road,2,Urban,3,Principal Arterial - Other,2,County Highway Agency,1,This section IS ON the NHS,0,No Special Jurisdiction,67,67,42.31371389,42.31371389,-83.34963889,-83.34963889,12,Motor Vehicle In-Transport,2,Front-to-Front,0,No,1,Non-Junction,1,Not an Intersection,1,On Roadway,0,None,1,Daylight,1,Clear,0,No,0000000,Not Applicable,11,11:00am-11:59am,45,45,11,11:00am-11:59am,49,49,99,Unknown,99,Unknown EMS Hospital Arrival Time,1
26,Michigan,260400,1,1,1,1,0,2,2,125,OAKLAND (125),4020,PONTIAC,6,June,8,8,4,Wednesday,2022,17,5:00pm-5:59pm,1,1,US-24 BR CESAR CHAVEZ AVE,MYRTLE ST,2,US Highway,2,Urban,3,Principal Arterial - Other,1,State Highway Agency,1,This section IS ON the NHS,0,No Special Jurisdiction,6,6,42.64686667,42.64686667,-83.30205,-83.30205,9,Pedalcyclist,0,The First Harmful Event was Not a Collision with a Motor Vehicle in Transport,0,No,2,Intersection,3,T-Intersection,1,On Roadway,0,None,1,Daylight,10,Cloudy,0,No,0000000,Not Applicable,17,5:00pm-5:59pm,3,3,17,5:00pm-5:59pm,9,9,99,Unknown,99,Unknown EMS Hospital Arrival Time,1
26,Michigan,260401,0,0,1,1,0,1,1,81,KENT (81),0,NOT APPLICABLE,6,June,4,4,7,Saturday,2022,9,9:00am-9:59am,40,40,CR-DIVISION AVE,NA,4,County Road,1,Rural,5,Major Collector,2,County Highway Agency,0,This section IS NOT on the NHS,0,No Special Jurisdiction,10,10,42.77583056,42.77583056,-85.66331944,-85.66331944,53,Mail Box,0,The First Harmful Event was Not a Collision with a Motor Vehicle in Transport,0,No,1,Non-Junction,1,Not an Intersection,4,On Roadside,0,None,1,Daylight,1,Clear,0,No,0000000,Not Applicable,9,9:00am-9:59am,41,41,9,9:00am-9:59am,50,50,99,Unknown,99,Unknown EMS Hospital Arrival Time,1
26,Michigan,260402,0,0,2,2,0,2,2,117,MONTCALM (117),0,NOT APPLICABLE,6,June,10,10,6,Friday,2022,16,4:00pm-4:59pm,31,31,CR-HOLLAND LAKE RD,VICKERYVILLE RD,4,County Road,1,Rural,7,Local,2,County Highway Agency,0,This section IS NOT on the NHS,0,No Special Jurisdiction,64,64,43.23541389,43.23541389,-84.96475,-84.96475,12,Motor Vehicle In-Transport,6,Angle,0,No,2,Intersection,2,Four-Way Intersection,1,On Roadway,0,None,1,Daylight,1,Clear,0,No,0000000,Not Applicable,16,4:00pm-4:59pm,32,32,16,4:00pm-4:59pm,45,45,88,Not Applicable (Not Transported),88,Not Applicable (Not Transported),1
26,Michigan,260403,0,0,2,2,0,2,2,125,OAKLAND (125),3800,OXFORD,6,June,7,7,3,Tuesday,2022,8,8:00am-8:59am,36,36,SR-24 LAPEER RD,DRAHNER RD,3,State Highway,2,Urban,3,Principal Arterial - Other,1,State Highway Agency,1,This section IS ON the NHS,0,No Special Jurisdiction,93,93,42.81056944,42.81056944,-83.25206389,-83.25206389,12,Motor Vehicle In-Transport,6,Angle,0,No,2,Intersection,2,Four-Way Intersection,1,On Roadway,0,None,1,Daylight,10,Cloudy,0,No,0000000,Not Applicable,8,8:00am-8:59am,37,37,8,8:00am-8:59am,41,41,99,Unknown,99,Unknown EMS Hospital Arrival Time,1
26,Michigan,260404,0,0,2,2,0,2,2,99,MACOMB (99),4731,STERLING HEIGHTS,3,March,17,17,5,Thursday,2022,0,0:00am-0:59am,46,46,SR-53,NA,3,State Highway,2,Urban,2,Principal Arterial - Other Freeways and Expressways,1,State Highway Agency,1,This section IS ON the NHS,0,No Special Jurisdiction,45,45,42.60650556,42.60650556,-83.01538333,-83.01538333,12,Motor Vehicle In-Transport,1,Front-to-Rear,0,No,1,Non-Junction,1,Not an Intersection,1,On Roadway,0,None,2,Dark - Not Lighted,1,Clear,0,No,0000000,Not Applicable,0,0:00am-0:59am,51,51,0,0:00am-0:59am,54,54,99,Unknown,99,Unknown EMS Hospital Arrival Time,1
26,Michigan,260405,0,0,2,2,0,2,2,109,MENOMINEE (109),0,NOT APPLICABLE,5,May,26,26,5,Thursday,2022,10,10:00am-10:59am,46,46,US-41,CR-346,2,US Highway,1,Rural,3,Principal Arterial - Other,1,State Highway Agency,1,This section IS ON the NHS,0,No Special Jurisdiction,173,173,45.34768056,45.34768056,-87.61533333,-87.61533333,12,Motor Vehicle In-Transport,6,Angle,0,No,2,Intersection,2,Four-Way Intersection,1,On Roadway,0,None,1,Daylight,10,Cloudy,0,No,0000000,Not Applicable,99,Unknown,99,Unknown,99,Unknown EMS Scene Arrival Hour,99,Unknown EMS Scene Arrival Minutes,99,Unknown,99,Unknown EMS Hospital Arrival Time,1
26,Michigan,260406,0,0,1,1,0,1,1,49,GENESEE (49),1730,FLINT,6,June,4,4,7,Saturday,2022,21,9:00pm-9:59pm,29,29,NORBERT ST,NA,6,Local Street - Municipality,2,Urban,7,Local,4,City or Municipal Highway Agency,0,This section IS NOT on the NHS,0,No Special Jurisdiction,3,3,43.01934444,43.01934444,-83.72940278,-83.72940278,33,Curb,0,The First Harmful Event was Not a Collision with a Motor Vehicle in Transport,0,No,1,Non-Junction,1,Not an Intersection,4,On Roadside,0,None,1,Daylight,1,Clear,0,No,0000000,Not Applicable,21,9:00pm-9:59pm,30,30,21,9:00pm-9:59pm,35,35,99,Unknown,99,Unknown EMS Hospital Arrival Time,1
26,Michigan,260407,0,0,2,2,0,2,2,99,MACOMB (99),4731,STERLING HEIGHTS,6,June,15,15,4,Wednesday,2022,0,0:00am-0:59am,51,51,SR-53 VAN DYKE AVE,METROPOLITAN PKWY,3,State Highway,2,Urban,3,Principal Arterial - Other,1,State Highway Agency,1,This section IS ON the NHS,0,No Special Jurisdiction,13,13,42.56535278,42.56535278,-83.0295,-83.0295,12,Motor Vehicle In-Transport,6,Angle,0,No,2,Intersection,2,Four-Way Intersection,1,On Roadway,0,None,3,Dark - Lighted,1,Clear,0,No,0000000,Not Applicable,0,0:00am-0:59am,52,52,0,0:00am-0:59am,55,55,99,Unknown,99,Unknown EMS Hospital Arrival Time,1
26,Michigan,260408,1,1,1,1,0,2,2,163,WAYNE (163),1260,DETROIT,6,June,12,12,1,Sunday,2022,20,8:00pm-8:59pm,43,43,S JEFFERSON,MONTCLAIR,6,Local Street - Municipality,2,Urban,3,Principal Arterial - Other,4,City or Municipal Highway Agency,1,This section IS ON the NHS,0,No Special Jurisdiction,40,40,42.36467222,42.36467222,-82.97583611,-82.97583611,8,Pedestrian,0,The First Harmful Event was Not a Collision with a Motor Vehicle in Transport,0,No,3,Intersection-Related,3,T-Intersection,4,On Roadside,0,None,3,Dark - Lighted,1,Clear,0,No,0000000,Not Applicable,99,Unknown,99,Unknown,99,Unknown EMS Scene Arrival Hour,99,Unknown EMS Scene Arrival Minutes,99,Unknown,99,Unknown EMS Hospital Arrival Time,1
26,Michigan,260409,0,0,2,2,0,4,4,5,ALLEGAN (5),0,NOT APPLICABLE,6,June,12,12,1,Sunday,2022,19,7:00pm-7:59pm,18,18,SR-89 124TH ST,54TH ST,3,State Highway,1,Rural,4,Minor Arterial,1,State Highway Agency,0,This section IS NOT on the NHS,0,No Special Jurisdiction,75,75,42.59441389,42.59441389,-86.0756,-86.0756,12,Motor Vehicle In-Transport,6,Angle,0,No,2,Intersection,2,Four-Way Intersection,1,On Roadway,0,None,1,Daylight,1,Clear,0,No,0000000,Not Applicable,19,7:00pm-7:59pm,24,24,19,7:00pm-7:59pm,26,26,99,Unknown,99,Unknown EMS Hospital Arrival Time,1
26,Michigan,260410,0,0,2,2,0,3,3,65,INGHAM (65),0,NOT APPLICABLE,6,June,12,12,1,Sunday,2022,13,1:00pm-1:59pm,35,35,US-127,NA,2,US Highway,2,Urban,2,Principal Arterial - Other Freeways and Expressways,1,State Highway Agency,1,This section IS ON the NHS,0,No Special Jurisdiction,6,6,42.73179167,42.73179167,-84.51058889,-84.51058889,12,Motor Vehicle In-Transport,1,Front-to-Rear,1,Yes,18,Through Roadway,1,Not an Intersection,1,On Roadway,1,Construction,1,Daylight,1,Clear,0,No,0000000,Not Applicable,13,1:00pm-1:59pm,35,35,13,1:00pm-1:59pm,40,40,99,Unknown,99,Unknown EMS Hospital Arrival Time,1
26,Michigan,260411,0,0,1,1,0,1,1,79,KALKASKA (79),0,NOT APPLICABLE,6,June,16,16,5,Thursday,2022,15,3:00pm-3:59pm,7,7,CR-INGERSOLL RD,NA,4,County Road,1,Rural,5,Major Collector,2,County Highway Agency,0,This section IS NOT on the NHS,0,No Special Jurisdiction,4,4,44.56975556,44.56975556,-85.32461944,-85.32461944,18,Other Object (not fixed),0,The First Harmful Event was Not a Collision with a Motor Vehicle in Transport,0,No,1,Non-Junction,1,Not an Intersection,1,On Roadway,0,None,1,Daylight,1,Clear,0,No,0000000,Not Applicable,15,3:00pm-3:59pm,11,11,15,3:00pm-3:59pm,21,21,88,Not Applicable (Not Transported),88,Not Applicable (Not Transported),1
26,Michigan,260412,0,0,1,1,0,1,1,111,MIDLAND (111),0,NOT APPLICABLE,6,June,12,12,1,Sunday,2022,22,10:00pm-10:59pm,25,25,CR-SHEPHERD RD,NA,4,County Road,1,Rural,7,Local,2,County Highway Agency,0,This section IS NOT on the NHS,0,No Special Jurisdiction,24,24,43.52407222,43.52407222,-84.55870556,-84.55870556,11,Live Animal,0,The First Harmful Event was Not a Collision with a Motor Vehicle in Transport,0,No,1,Non-Junction,1,Not an Intersection,1,On Roadway,0,None,6,Dark - Unknown Lighting,1,Clear,0,No,0000000,Not Applicable,22,10:00pm-10:59pm,34,34,22,10:00pm-10:59pm,56,56,88,Not Applicable (Not Transported),88,Not Applicable (Not Transported),1
26,Michigan,260413,0,0,2,2,0,2,2,27,CASS (27),0,NOT APPLICABLE,6,June,17,17,6,Friday,2022,19,7:00pm-7:59pm,24,24,CR-REDFIELD ST,NA,4,County Road,1,Rural,5,Major Collector,2,County Highway Agency,0,This section IS NOT on the NHS,0,No Special Jurisdiction,55,55,41.76773333,41.76773333,-86.12787222,-86.12787222,12,Motor Vehicle In-Transport,7,Sideswipe - Same Direction,0,No,8,Driveway Access Related,1,Not an Intersection,1,On Roadway,0,None,1,Daylight,1,Clear,0,No,0000000,Not Applicable,99,Unknown,99,Unknown,99,Unknown EMS Scene Arrival Hour,99,Unknown EMS Scene Arrival Minutes,99,Unknown,99,Unknown EMS Hospital Arrival Time,1
26,Michigan,260414,0,0,1,1,0,1,1,77,KALAMAZOO (77),0,NOT APPLICABLE,6,June,19,19,1,Sunday,2022,2,2:00am-2:59am,16,16,CR-C AVE,NA,4,County Road,1,Rural,6,Minor Collector,2,County Highway Agency,0,This section IS NOT on the NHS,0,No Special Jurisdiction,20,20,42.39109444,42.39109444,-85.34847778,-85.34847778,42,Tree (Standing Only),0,The First Harmful Event was Not a Collision with a Motor Vehicle in Transport,0,No,1,Non-Junction,1,Not an Intersection,4,On Roadside,0,None,2,Dark - Not Lighted,1,Clear,0,No,0000000,Not Applicable,2,2:00am-2:59am,19,19,2,2:00am-2:59am,36,36,88,Not Applicable (Not Transported),88,Not Applicable (Not Transported),1
26,Michigan,260415,0,0,2,2,0,2,2,163,WAYNE (163),4900,TRENTON,6,June,16,16,5,Thursday,2022,9,9:00am-9:59am,53,53,CR-GROSSE ISLE PKWY,NA,4,County Road,2,Urban,4,Minor Arterial,2,County Highway Agency,0,This section IS NOT on the NHS,0,No Special Jurisdiction,2,2,42.12766389,42.12766389,-83.18091667,-83.18091667,12,Motor Vehicle In-Transport,2,Front-to-Front,0,No,1,Non-Junction,1,Not an Intersection,1,On Roadway,0,None,1,Daylight,10,Cloudy,0,No,0000000,Not Applicable,9,9:00am-9:59am,53,53,9,9:00am-9:59am,57,57,99,Unknown,99,Unknown EMS Hospital Arrival Time,1
26,Michigan,260416,1,1,1,1,0,2,2,65,INGHAM (65),2700,LANSING,6,June,12,12,1,Sunday,2022,11,11:00am-11:59am,22,22,SR-99 S MARTIN LUTHER KING JR,NA,3,State Highway,2,Urban,3,Principal Arterial - Other,1,State Highway Agency,1,This section IS ON the NHS,0,No Special Jurisdiction,32,32,42.68985278,42.68985278,-84.56764444,-84.56764444,8,Pedestrian,0,The First Harmful Event was Not a Collision with a Motor Vehicle in Transport,0,No,1,Non-Junction,1,Not an Intersection,1,On Roadway,0,None,1,Daylight,1,Clear,0,No,0000000,Not Applicable,12,12:00pm-12:59pm,19,19,12,12:00pm-12:59pm,21,21,99,Unknown,99,Unknown EMS Hospital Arrival Time,1
26,Michigan,260417,0,0,1,1,0,1,1,147,ST. CLAIR (147),4370,ST. CLAIR,6,June,12,12,1,Sunday,2022,19,7:00pm-7:59pm,20,20,CLINTON AVE,NA,6,Local Street - Municipality,2,Urban,4,Minor Arterial,4,City or Municipal Highway Agency,0,This section IS NOT on the NHS,0,No Special Jurisdiction,144,144,42.8206,42.8206,-82.48530833,-82.48530833,43,Other Fixed Object,0,The First Harmful Event was Not a Collision with a Motor Vehicle in Transport,0,No,1,Non-Junction,1,Not an Intersection,4,On Roadside,0,None,1,Daylight,1,Clear,0,No,0000000,Not Applicable,99,Unknown,99,Unknown,99,Unknown EMS Scene Arrival Hour,99,Unknown EMS Scene Arrival Minutes,99,Unknown,99,Unknown EMS Hospital Arrival Time,1
26,Michigan,260418,0,0,2,2,0,4,4,115,MONROE (115),0,NOT APPLICABLE,6,June,27,27,2,Monday,2022,16,4:00pm-4:59pm,25,25,US-23,NA,2,US Highway,2,Urban,2,Principal Arterial - Other Freeways and Expressways,1,State Highway Agency,1,This section IS ON the NHS,0,No Special Jurisdiction,16,16,41.74834444,41.74834444,-83.69441944,-83.69441944,12,Motor Vehicle In-Transport,1,Front-to-Rear,0,No,1,Non-Junction,1,Not an Intersection,1,On Roadway,0,None,1,Daylight,1,Clear,0,No,0000000,Not Applicable,16,4:00pm-4:59pm,30,30,16,4:00pm-4:59pm,45,45,99,Unknown,99,Unknown EMS Hospital Arrival Time,1
26,Michigan,260421,0,0,2,2,0,2,2,163,WAYNE (163),1260,DETROIT,6,June,19,19,1,Sunday,2022,17,5:00pm-5:59pm,16,16,SR-96 GRAND RIVER AVE,WYOMING RD,3,State Highway,2,Urban,3,Principal Arterial - Other,1,State Highway Agency,1,This section IS ON the NHS,0,No Special Jurisdiction,62,62,42.376625,42.376625,-83.15862778,-83.15862778,12,Motor Vehicle In-Transport,6,Angle,0,No,2,Intersection,2,Four-Way Intersection,1,On Roadway,0,None,5,Dusk,1,Clear,0,No,0000000,Not Applicable,99,Unknown,99,Unknown,99,Unknown EMS Scene Arrival Hour,99,Unknown EMS Scene Arrival Minutes,99,Unknown,99,Unknown EMS Hospital Arrival Time,1
26,Michigan,260422,0,0,2,2,0,3,3,161,WASHTENAW (161),0,NOT APPLICABLE,7,July,3,3,1,Sunday,2022,22,10:00pm-10:59pm,42,42,CR-TEXTILE RD,CHERRYWOOD DR,4,County Road,2,Urban,4,Minor Arterial,2,County Highway Agency,0,This section IS NOT on the NHS,0,No Special Jurisdiction,44,44,42.20321111,42.20321111,-83.59832778,-83.59832778,12,Motor Vehicle In-Transport,6,Angle,0,No,2,Intersection,2,Four-Way Intersection,1,On Roadway,0,None,3,Dark - Lighted,10,Cloudy,0,No,0000000,Not Applicable,22,10:00pm-10:59pm,45,45,22,10:00pm-10:59pm,55,55,99,Unknown,99,Unknown EMS Hospital Arrival Time,1
26,Michigan,260423,0,0,1,1,0,1,1,163,WAYNE (163),2080,GROSSE POINTE FARMS,7,July,3,3,1,Sunday,2022,0,0:00am-0:59am,32,32,PROVENCAL RD,NA,6,Local Street - Municipality,2,Urban,98,Not Reported,4,City or Municipal Highway Agency,0,This section IS NOT on the NHS,0,No Special Jurisdiction,6,6,42.41885556,42.41885556,-82.89612222,-82.89612222,42,Tree (Standing Only),0,The First Harmful Event was Not a Collision with a Motor Vehicle in Transport,0,No,1,Non-Junction,1,Not an Intersection,4,On Roadside,0,None,2,Dark - Not Lighted,1,Clear,0,No,0000000,Not Applicable,0,0:00am-0:59am,33,33,0,0:00am-0:59am,44,44,88,Not Applicable (Not Transported),88,Not Applicable (Not Transported),1
26,Michigan,260424,0,0,1,1,0,2,2,161,WASHTENAW (161),0,NOT APPLICABLE,6,June,17,17,6,Friday,2022,22,10:00pm-10:59pm,36,36,CR-MAPLE RD,ELLSWORTH RD,4,County Road,2,Urban,4,Minor Arterial,2,County Highway Agency,0,This section IS NOT on the NHS,0,No Special Jurisdiction,20,20,42.22815833,42.22815833,-83.77872778,-83.77872778,5,Fell/Jumped from Vehicle,0,The First Harmful Event was Not a Collision with a Motor Vehicle in Transport,0,No,2,Intersection,2,Four-Way Intersection,1,On Roadway,0,None,2,Dark - Not Lighted,1,Clear,0,No,0000000,Not Applicable,22,10:00pm-10:59pm,47,47,22,10:00pm-10:59pm,53,53,99,Unknown,99,Unknown EMS Hospital Arrival Time,1
26,Michigan,260425,1,1,1,1,0,4,4,65,INGHAM (65),2700,LANSING,7,July,2,2,7,Saturday,2022,22,10:00pm-10:59pm,1,1,PLEASANT GROVE,NA,6,Local Street - Municipality,2,Urban,4,Minor Arterial,4,City or Municipal Highway Agency,0,This section IS NOT on the NHS,0,No Special Jurisdiction,22,22,42.69631667,42.69631667,-84.58219722,-84.58219722,8,Pedestrian,0,The First Harmful Event was Not a Collision with a Motor Vehicle in Transport,0,No,1,Non-Junction,1,Not an Intersection,1,On Roadway,0,None,3,Dark - Lighted,1,Clear,0,No,0000000,Not Applicable,22,10:00pm-10:59pm,1,1,22,10:00pm-10:59pm,5,5,88,Not Applicable (Not Transported),88,Not Applicable (Not Transported),1
26,Michigan,260426,0,0,2,2,0,2,2,15,BARRY (15),0,NOT APPLICABLE,6,June,22,22,4,Wednesday,2022,17,5:00pm-5:59pm,30,30,CR-CHARLETON PARK RD,LAWRENCE RD,4,County Road,1,Rural,5,Major Collector,2,County Highway Agency,0,This section IS NOT on the NHS,0,No Special Jurisdiction,9,9,42.56626944,42.56626944,-85.21123889,-85.21123889,12,Motor Vehicle In-Transport,6,Angle,0,No,2,Intersection,2,Four-Way Intersection,1,On Roadway,0,None,1,Daylight,1,Clear,0,No,0000000,Not Applicable,17,5:00pm-5:59pm,30,30,17,5:00pm-5:59pm,54,54,99,Unknown,99,Unknown EMS Hospital Arrival Time,1
26,Michigan,260427,0,0,2,2,0,2,2,99,MACOMB (99),4210,RICHMOND,7,July,6,6,4,Wednesday,2022,16,4:00pm-4:59pm,21,21,CR-COUNTY LINE RD,MUTTONVILLE LN,4,County Road,2,Urban,5,Major Collector,2,County Highway Agency,0,This section IS NOT on the NHS,0,No Special Jurisdiction,63,63,42.79730556,42.79730556,-82.733575,-82.733575,12,Motor Vehicle In-Transport,2,Front-to-Front,0,No,2,Intersection,4,Y-Intersection,1,On Roadway,0,None,1,Daylight,1,Clear,0,No,0000000,Not Applicable,16,4:00pm-4:59pm,22,22,16,4:00pm-4:59pm,26,26,88,Not Applicable (Not Transported),88,Not Applicable (Not Transported),1
26,Michigan,260428,0,0,2,2,0,3,3,63,HURON (63),0,NOT APPLICABLE,7,July,8,8,6,Friday,2022,18,6:00pm-6:59pm,15,15,SR-25 S LAKE SHORE RD,NA,3,State Highway,1,Rural,4,Minor Arterial,1,State Highway Agency,0,This section IS NOT on the NHS,0,No Special Jurisdiction,16,16,43.71278611,43.71278611,-82.60964722,-82.60964722,12,Motor Vehicle In-Transport,6,Angle,0,No,8,Driveway Access Related,1,Not an Intersection,1,On Roadway,0,None,1,Daylight,1,Clear,0,No,0000000,Not Applicable,18,6:00pm-6:59pm,14,14,18,6:00pm-6:59pm,24,24,99,Unknown,99,Unknown EMS Hospital Arrival Time,1
26,Michigan,260429,0,0,1,1,0,1,1,69,IOSCO (69),0,NOT APPLICABLE,7,July,4,4,2,Monday,2022,13,1:00pm-1:59pm,47,47,SR-65,NA,3,State Highway,1,Rural,4,Minor Arterial,1,State Highway Agency,0,This section IS NOT on the NHS,0,No Special Jurisdiction,216,216,44.45659722,44.45659722,-83.77303611,-83.77303611,59,Traffic Sign Support,0,The First Harmful Event was Not a Collision with a Motor Vehicle in Transport,0,No,1,Non-Junction,1,Not an Intersection,4,On Roadside,0,None,1,Daylight,10,Cloudy,0,No,0000000,Not Applicable,13,1:00pm-1:59pm,50,50,13,1:00pm-1:59pm,57,57,99,Unknown,99,Unknown EMS Hospital Arrival Time,1
26,Michigan,260430,0,0,1,1,0,1,1,75,JACKSON (75),0,NOT APPLICABLE,6,June,24,24,6,Friday,2022,16,4:00pm-4:59pm,23,23,SR-106 BUNKERHILL RD,NA,3,State Highway,1,Rural,4,Minor Arterial,1,State Highway Agency,0,This section IS NOT on the NHS,0,No Special Jurisdiction,56,56,42.32229722,42.32229722,-84.37258056,-84.37258056,42,Tree (Standing Only),0,The First Harmful Event was Not a Collision with a Motor Vehicle in Transport,0,No,1,Non-Junction,1,Not an Intersection,4,On Roadside,0,None,1,Daylight,1,Clear,0,No,0000000,Not Applicable,16,4:00pm-4:59pm,24,24,16,4:00pm-4:59pm,29,29,88,Not Applicable (Not Transported),88,Not Applicable (Not Transported),1
26,Michigan,260431,0,0,2,2,0,2,2,163,WAYNE (163),633,BROWNSTOWN TOWNSHIP,6,June,19,19,1,Sunday,2022,0,0:00am-0:59am,16,16,SR-85,GIBRALTAR RD,3,State Highway,2,Urban,3,Principal Arterial - Other,1,State Highway Agency,1,This section IS ON the NHS,0,No Special Jurisdiction,13,13,42.09536667,42.09536667,-83.22836389,-83.22836389,12,Motor Vehicle In-Transport,6,Angle,0,No,2,Intersection,2,Four-Way Intersection,1,On Roadway,0,None,3,Dark - Lighted,10,Cloudy,0,No,0000000,Not Applicable,99,Unknown,99,Unknown,99,Unknown EMS Scene Arrival Hour,99,Unknown EMS Scene Arrival Minutes,88,Not Applicable (Not Transported),88,Not Applicable (Not Transported),1
26,Michigan,260432,0,0,2,2,0,4,4,163,WAYNE (163),1260,DETROIT,6,June,30,30,5,Thursday,2022,14,2:00pm-2:59pm,37,37,BEACONSFIELD ST,COURVILLE ST,6,Local Street - Municipality,2,Urban,7,Local,4,City or Municipal Highway Agency,0,This section IS NOT on the NHS,0,No Special Jurisdiction,5,5,42.41469167,42.41469167,-82.95248056,-82.95248056,12,Motor Vehicle In-Transport,6,Angle,0,No,2,Intersection,2,Four-Way Intersection,1,On Roadway,0,None,1,Daylight,1,Clear,0,No,0000000,Not Applicable,99,Unknown,99,Unknown,99,Unknown EMS Scene Arrival Hour,99,Unknown EMS Scene Arrival Minutes,99,Unknown,99,Unknown EMS Hospital Arrival Time,1
26,Michigan,260433,0,0,2,2,0,2,2,163,WAYNE (163),1260,DETROIT,6,June,29,29,4,Wednesday,2022,9,9:00am-9:59am,10,10,VERNOR HWY,NA,6,Local Street - Municipality,2,Urban,4,Minor Arterial,4,City or Municipal Highway Agency,0,This section IS NOT on the NHS,0,No Special Jurisdiction,9,9,42.31102222,42.31102222,-83.12821389,-83.12821389,12,Motor Vehicle In-Transport,6,Angle,0,No,8,Driveway Access Related,1,Not an Intersection,1,On Roadway,0,None,1,Daylight,1,Clear,0,No,0000000,Not Applicable,99,Unknown,99,Unknown,99,Unknown EMS Scene Arrival Hour,99,Unknown EMS Scene Arrival Minutes,99,Unknown,99,Unknown EMS Hospital Arrival Time,1
26,Michigan,260434,0,0,1,1,0,1,1,163,WAYNE (163),4815,TAYLOR,6,June,13,13,2,Monday,2022,9,9:00am-9:59am,4,4,MONROE RD,NA,6,Local Street - Municipality,2,Urban,5,Major Collector,4,City or Municipal Highway Agency,0,This section IS NOT on the NHS,0,No Special Jurisdiction,22,22,42.26608333,42.26608333,-83.25058611,-83.25058611,1,Rollover/Overturn,0,The First Harmful Event was Not a Collision with a Motor Vehicle in Transport,0,No,1,Non-Junction,1,Not an Intersection,4,On Roadside,0,None,1,Daylight,1,Clear,0,No,0000000,Not Applicable,99,Unknown,99,Unknown,99,Unknown EMS Scene Arrival Hour,99,Unknown EMS Scene Arrival Minutes,99,Unknown,99,Unknown EMS Hospital Arrival Time,1
26,Michigan,260435,0,0,1,1,0,4,4,21,BERRIEN (21),0,NOT APPLICABLE,7,July,10,10,1,Sunday,2022,3,3:00am-3:59am,10,10,I-94,NA,1,Interstate,2,Urban,1,Interstate,1,State Highway Agency,1,This section IS ON the NHS,0,No Special Jurisdiction,225,225,42.023475,42.023475,-86.52837222,-86.52837222,24,Guardrail Face,0,The First Harmful Event was Not a Collision with a Motor Vehicle in Transport,0,No,1,Non-Junction,1,Not an Intersection,3,On Median,0,None,2,Dark - Not Lighted,1,Clear,0,No,0000000,Not Applicable,3,3:00am-3:59am,13,13,3,3:00am-3:59am,20,20,99,Unknown,99,Unknown EMS Hospital Arrival Time,1
26,Michigan,260436,0,0,1,1,0,1,1,125,OAKLAND (125),0,NOT APPLICABLE,7,July,12,12,3,Tuesday,2022,13,1:00pm-1:59pm,23,23,I-75 RAMP 027A,NA,1,Interstate,2,Urban,3,Principal Arterial - Other,1,State Highway Agency,1,This section IS ON the NHS,0,No Special Jurisdiction,11,11,42.60544722,42.60544722,-83.24402222,-83.24402222,59,Traffic Sign Support,0,The First Harmful Event was Not a Collision with a Motor Vehicle in Transport,0,No,1,Non-Junction,1,Not an Intersection,4,On Roadside,0,None,1,Daylight,1,Clear,0,No,0000000,Not Applicable,8,8:00am-8:59am,40,40,8,8:00am-8:59am,48,48,88,Not Applicable (Not Transported),88,Not Applicable (Not Transported),1
26,Michigan,260437,0,0,1,1,0,1,1,75,JACKSON (75),4448,SANDSTONE,6,June,25,25,7,Saturday,2022,2,2:00am-2:59am,39,39,CR-COUNTY FARM RD,NA,4,County Road,1,Rural,5,Major Collector,2,County Highway Agency,0,This section IS NOT on the NHS,0,No Special Jurisdiction,15,15,42.27668889,42.27668889,-84.57036111,-84.57036111,42,Tree (Standing Only),0,The First Harmful Event was Not a Collision with a Motor Vehicle in Transport,0,No,1,Non-Junction,1,Not an Intersection,4,On Roadside,0,None,2,Dark - Not Lighted,1,Clear,0,No,0000000,Not Applicable,99,Unknown,99,Unknown,99,Unknown EMS Scene Arrival Hour,99,Unknown EMS Scene Arrival Minutes,88,Not Applicable (Not Transported),88,Not Applicable (Not Transported),1
26,Michigan,260438,0,0,6,6,0,8,8,125,OAKLAND (125),1652,FARMINGTON HILLS,6,June,23,23,5,Thursday,2022,10,10:00am-10:59am,14,14,I-696,NA,1,Interstate,2,Urban,1,Interstate,1,State Highway Agency,1,This section IS ON the NHS,0,No Special Jurisdiction,14,14,42.49111944,42.49111944,-83.4187,-83.4187,12,Motor Vehicle In-Transport,1,Front-to-Rear,1,Yes,18,Through Roadway,1,Not an Intersection,1,On Roadway,1,Construction,1,Daylight,1,Clear,0,No,0000000,Not Applicable,10,10:00am-10:59am,14,14,10,10:00am-10:59am,25,25,99,Unknown,99,Unknown EMS Hospital Arrival Time,2
26,Michigan,260439,0,0,2,2,0,2,2,15,BARRY (15),0,NOT APPLICABLE,6,June,3,3,6,Friday,2022,15,3:00pm-3:59pm,42,42,CR-PATTERSON RD,CHARLES DR,4,County Road,1,Rural,5,Major Collector,2,County Highway Agency,0,This section IS NOT on the NHS,0,No Special Jurisdiction,49,49,42.671875,42.671875,-85.5449,-85.5449,12,Motor Vehicle In-Transport,6,Angle,0,No,2,Intersection,3,T-Intersection,1,On Roadway,0,None,1,Daylight,1,Clear,0,No,0000000,Not Applicable,99,Unknown,99,Unknown,99,Unknown EMS Scene Arrival Hour,99,Unknown EMS Scene Arrival Minutes,88,Not Applicable (Not Transported),88,Not Applicable (Not Transported),1
26,Michigan,260440,0,0,2,2,0,2,2,81,KENT (81),2010,GRAND RAPIDS,6,June,9,9,5,Thursday,2022,4,4:00am-4:59am,30,30,MARYLAND AVE,NA,6,Local Street - Municipality,2,Urban,5,Major Collector,4,City or Municipal Highway Agency,0,This section IS NOT on the NHS,0,No Special Jurisdiction,10,10,42.97655,42.97655,-85.6105,-85.6105,12,Motor Vehicle In-Transport,2,Front-to-Front,0,No,1,Non-Junction,1,Not an Intersection,1,On Roadway,0,None,2,Dark - Not Lighted,1,Clear,0,No,0000000,Not Applicable,4,4:00am-4:59am,30,30,4,4:00am-4:59am,38,38,99,Unknown,99,Unknown EMS Hospital Arrival Time,1
26,Michigan,260441,0,0,2,2,0,3,3,99,MACOMB (99),1009,CLINTON TOWNSHIP,6,June,14,14,3,Tuesday,2022,7,7:00am-7:59am,56,56,CR-METROPOLITAN PKWY,GARFIELD RD,4,County Road,2,Urban,3,Principal Arterial - Other,2,County Highway Agency,1,This section IS ON the NHS,0,No Special Jurisdiction,70,70,42.56819444,42.56819444,-82.95126111,-82.95126111,12,Motor Vehicle In-Transport,1,Front-to-Rear,0,No,3,Intersection-Related,2,Four-Way Intersection,1,On Roadway,0,None,1,Daylight,1,Clear,0,No,0000000,Not Applicable,7,7:00am-7:59am,53,53,8,8:00am-8:59am,0,0,99,Unknown,99,Unknown EMS Hospital Arrival Time,1
26,Michigan,260442,0,0,2,2,0,2,2,49,GENESEE (49),1730,FLINT,3,March,6,6,1,Sunday,2022,4,4:00am-4:59am,31,31,WELCH BLVD,WELCH BLVD,6,Local Street - Municipality,2,Urban,4,Minor Arterial,4,City or Municipal Highway Agency,0,This section IS NOT on the NHS,0,No Special Jurisdiction,1,1,43.03057778,43.03057778,-83.71416944,-83.71416944,12,Motor Vehicle In-Transport,6,Angle,0,No,2,Intersection,2,Four-Way Intersection,1,On Roadway,0,None,3,Dark - Lighted,1,Clear,0,No,0000000,Not Applicable,4,4:00am-4:59am,35,35,4,4:00am-4:59am,42,42,99,Unknown,99,Unknown EMS Hospital Arrival Time,1
26,Michigan,260443,1,1,3,1,2,2,2,163,WAYNE (163),1260,DETROIT,7,July,10,10,1,Sunday,2022,1,1:00am-1:59am,28,28,FORRER ST,NA,6,Local Street - Municipality,2,Urban,7,Local,4,City or Municipal Highway Agency,0,This section IS NOT on the NHS,0,No Special Jurisdiction,3,3,42.37006389,42.37006389,-83.20107222,-83.20107222,8,Pedestrian,0,The First Harmful Event was Not a Collision with a Motor Vehicle in Transport,0,No,1,Non-Junction,1,Not an Intersection,1,On Roadway,0,None,3,Dark - Lighted,1,Clear,0,No,0000000,Not Applicable,99,Unknown,99,Unknown,99,Unknown EMS Scene Arrival Hour,99,Unknown EMS Scene Arrival Minutes,99,Unknown,99,Unknown EMS Hospital Arrival Time,1
26,Michigan,260444,0,0,3,3,0,4,4,59,HILLSDALE (59),4574,SOMERSET,6,June,9,9,5,Thursday,2022,17,5:00pm-5:59pm,11,11,US-127,HARPER RD,2,US Highway,1,Rural,3,Principal Arterial - Other,1,State Highway Agency,1,This section IS ON the NHS,0,No Special Jurisdiction,0,None,42.06608889,42.06608889,-84.36338056,-84.36338056,12,Motor Vehicle In-Transport,1,Front-to-Rear,0,No,3,Intersection-Related,2,Four-Way Intersection,1,On Roadway,0,None,1,Daylight,1,Clear,0,No,0000000,Not Applicable,17,5:00pm-5:59pm,13,13,17,5:00pm-5:59pm,22,22,99,Unknown,99,Unknown EMS Hospital Arrival Time,1
26,Michigan,260445,0,0,2,2,0,2,2,15,BARRY (15),0,NOT APPLICABLE,6,June,20,20,2,Monday,2022,9,9:00am-9:59am,55,55,CR-STATE RD,NA,4,County Road,2,Urban,4,Minor Arterial,2,County Highway Agency,0,This section IS NOT on the NHS,0,No Special Jurisdiction,50,50,42.67217778,42.67217778,-85.34644444,-85.34644444,12,Motor Vehicle In-Transport,2,Front-to-Front,0,No,1,Non-Junction,1,Not an Intersection,1,On Roadway,0,None,1,Daylight,1,Clear,0,No,0000000,Not Applicable,9,9:00am-9:59am,58,58,10,10:00am-10:59am,5,5,99,Unknown,99,Unknown EMS Hospital Arrival Time,1
26,Michigan,260446,0,0,2,2,0,2,2,163,WAYNE (163),1260,DETROIT,6,June,20,20,2,Monday,2022,2,2:00am-2:59am,27,27,SR-10,NA,3,State Highway,2,Urban,2,Principal Arterial - Other Freeways and Expressways,1,State Highway Agency,1,This section IS ON the NHS,0,No Special Jurisdiction,110,110,42.33869167,42.33869167,-83.06585556,-83.06585556,12,Motor Vehicle In-Transport,1,Front-to-Rear,0,No,1,Non-Junction,1,Not an Intersection,1,On Roadway,0,None,3,Dark - Lighted,10,Cloudy,0,No,0000000,Not Applicable,99,Unknown,99,Unknown,99,Unknown EMS Scene Arrival Hour,99,Unknown EMS Scene Arrival Minutes,99,Unknown,99,Unknown EMS Hospital Arrival Time,1
26,Michigan,260447,0,0,1,1,0,1,1,139,OTTAWA (139),0,NOT APPLICABLE,6,June,23,23,5,Thursday,2022,3,3:00am-3:59am,2,2,CR-DOUGLAS AVE,NA,4,County Road,2,Urban,4,Minor Arterial,2,County Highway Agency,0,This section IS NOT on the NHS,0,No Special Jurisdiction,50,50,42.79761944,42.79761944,-86.12362222,-86.12362222,42,Tree (Standing Only),0,The First Harmful Event was Not a Collision with a Motor Vehicle in Transport,0,No,1,Non-Junction,1,Not an Intersection,4,On Roadside,0,None,3,Dark - Lighted,1,Clear,0,No,0000000,Not Applicable,3,3:00am-3:59am,3,3,3,3:00am-3:59am,5,5,88,Not Applicable (Not Transported),88,Not Applicable (Not Transported),1
26,Michigan,260448,0,0,2,2,0,3,3,63,HURON (63),0,NOT APPLICABLE,6,June,25,25,7,Saturday,2022,22,10:00pm-10:59pm,13,13,SR-53 VAN DYKE RD,SCHOYT RD,3,State Highway,1,Rural,4,Minor Arterial,1,State Highway Agency,0,This section IS NOT on the NHS,0,No Special Jurisdiction,199,199,43.96764444,43.96764444,-83.00634444,-83.00634444,12,Motor Vehicle In-Transport,6,Angle,0,No,2,Intersection,2,Four-Way Intersection,1,On Roadway,0,None,2,Dark - Not Lighted,1,Clear,0,No,0000000,Not Applicable,22,10:00pm-10:59pm,14,14,22,10:00pm-10:59pm,25,25,99,Unknown,99,Unknown EMS Hospital Arrival Time,1
26,Michigan,260449,0,0,1,1,0,2,2,147,ST. CLAIR (147),0,NOT APPLICABLE,6,June,25,25,7,Saturday,2022,22,10:00pm-10:59pm,32,32,CR-MICKINLEY RD,NA,4,County Road,1,Rural,7,Local,2,County Highway Agency,0,This section IS NOT on the NHS,0,No Special Jurisdiction,36,36,42.70450278,42.70450278,-82.56920278,-82.56920278,1,Rollover/Overturn,0,The First Harmful Event was Not a Collision with a Motor Vehicle in Transport,0,No,1,Non-Junction,1,Not an Intersection,4,On Roadside,0,None,2,Dark - Not Lighted,1,Clear,0,No,0000000,Not Applicable,22,10:00pm-10:59pm,35,35,22,10:00pm-10:59pm,39,39,99,Unknown,99,Unknown EMS Hospital Arrival Time,1
26,Michigan,260450,0,0,1,1,0,2,2,125,OAKLAND (125),4020,PONTIAC,6,June,26,26,1,Sunday,2022,4,4:00am-4:59am,56,56,JOSLYN AVE,NA,6,Local Street - Municipality,2,Urban,3,Principal Arterial - Other,4,City or Municipal Highway Agency,1,This section IS ON the NHS,0,No Special Jurisdiction,8,8,42.66553889,42.66553889,-83.28053611,-83.28053611,30,Utility Pole/Light Support,0,The First Harmful Event was Not a Collision with a Motor Vehicle in Transport,0,No,1,Non-Junction,1,Not an Intersection,4,On Roadside,0,None,3,Dark - Lighted,1,Clear,0,No,0000000,Not Applicable,4,4:00am-4:59am,57,57,5,5:00am-5:59am,2,2,99,Unknown,99,Unknown EMS Hospital Arrival Time,1
26,Michigan,260451,0,0,1,1,0,2,2,75,JACKSON (75),0,NOT APPLICABLE,6,June,28,28,3,Tuesday,2022,21,9:00pm-9:59pm,59,59,CR-DETTMAN RD,NA,4,County Road,2,Urban,5,Major Collector,2,County Highway Agency,0,This section IS NOT on the NHS,0,No Special Jurisdiction,4,4,42.24253611,42.24253611,-84.36497778,-84.36497778,11,Live Animal,0,The First Harmful Event was Not a Collision with a Motor Vehicle in Transport,0,No,1,Non-Junction,1,Not an Intersection,1,On Roadway,0,None,2,Dark - Not Lighted,10,Cloudy,0,No,0000000,Not Applicable,21,9:00pm-9:59pm,59,59,22,10:00pm-10:59pm,5,5,99,Unknown,99,Unknown EMS Hospital Arrival Time,1
26,Michigan,260452,0,0,1,1,0,2,2,163,WAYNE (163),2090,GROSSE POINTE PARK,6,June,24,24,6,Friday,2022,2,2:00am-2:59am,32,32,CR-JEFFERSON AVE,NA,4,County Road,2,Urban,3,Principal Arterial - Other,2,County Highway Agency,0,This section IS NOT on the NHS,0,No Special Jurisdiction,73,73,42.38074722,42.38074722,-82.91531944,-82.91531944,33,Curb,0,The First Harmful Event was Not a Collision with a Motor Vehicle in Transport,0,No,1,Non-Junction,1,Not an Intersection,4,On Roadside,0,None,3,Dark - Lighted,1,Clear,0,No,0000000,Not Applicable,99,Unknown,99,Unknown,99,Unknown EMS Scene Arrival Hour,98,Unknown if Arrived,88,Not Applicable (Not Transported),88,Not Applicable (Not Transported),2
26,Michigan,260453,0,0,1,1,0,1,1,157,TUSCOLA (157),0,NOT APPLICABLE,6,June,24,24,6,Friday,2022,17,5:00pm-5:59pm,14,14,CR-LIVERMORE RD,ENGLISH RD,4,County Road,1,Rural,7,Local,2,County Highway Agency,0,This section IS NOT on the NHS,0,No Special Jurisdiction,25,25,43.36109167,43.36109167,-83.22420556,-83.22420556,42,Tree (Standing Only),0,The First Harmful Event was Not a Collision with a Motor Vehicle in Transport,0,No,3,Intersection-Related,3,T-Intersection,4,On Roadside,0,None,1,Daylight,1,Clear,0,No,0000000,Not Applicable,99,Unknown,99,Unknown,99,Unknown EMS Scene Arrival Hour,99,Unknown EMS Scene Arrival Minutes,88,Not Applicable (Not Transported),88,Not Applicable (Not Transported),1
26,Michigan,260454,0,0,1,1,0,2,2,75,JACKSON (75),0,NOT APPLICABLE,6,June,19,19,1,Sunday,2022,6,6:00am-6:59am,27,27,CR-BEHLING RD,NA,4,County Road,1,Rural,6,Minor Collector,2,County Highway Agency,0,This section IS NOT on the NHS,0,No Special Jurisdiction,16,16,42.20320278,42.20320278,-84.68258889,-84.68258889,53,Mail Box,0,The First Harmful Event was Not a Collision with a Motor Vehicle in Transport,0,No,1,Non-Junction,1,Not an Intersection,4,On Roadside,0,None,1,Daylight,1,Clear,0,No,0000000,Not Applicable,99,Unknown,99,Unknown,99,Unknown EMS Scene Arrival Hour,99,Unknown EMS Scene Arrival Minutes,99,Unknown,99,Unknown EMS Hospital Arrival Time,1
26,Michigan,260455,0,0,2,2,0,2,2,111,MIDLAND (111),0,NOT APPLICABLE,6,June,28,28,3,Tuesday,2022,17,5:00pm-5:59pm,40,40,SR-30 MERIDIAN RD,NA,3,State Highway,1,Rural,4,Minor Arterial,1,State Highway Agency,0,This section IS NOT on the NHS,0,No Special Jurisdiction,112,112,43.63001111,43.63001111,-84.36901667,-84.36901667,12,Motor Vehicle In-Transport,1,Front-to-Rear,0,No,1,Non-Junction,1,Not an Intersection,1,On Roadway,1,Construction,1,Daylight,1,Clear,0,No,0000000,Not Applicable,99,Unknown,99,Unknown,99,Unknown EMS Scene Arrival Hour,99,Unknown EMS Scene Arrival Minutes,99,Unknown,99,Unknown EMS Hospital Arrival Time,1
26,Michigan,260456,0,0,2,2,0,3,3,15,BARRY (15),0,NOT APPLICABLE,6,June,26,26,1,Sunday,2022,13,1:00pm-1:59pm,0,0,CR-YANKEE SPRINGS RD,NA,4,County Road,1,Rural,5,Major Collector,2,County Highway Agency,0,This section IS NOT on the NHS,0,No Special Jurisdiction,2,2,42.60936944,42.60936944,-85.45852222,-85.45852222,12,Motor Vehicle In-Transport,6,Angle,0,No,8,Driveway Access Related,1,Not an Intersection,1,On Roadway,0,None,1,Daylight,1,Clear,0,No,0000000,Not Applicable,13,1:00pm-1:59pm,2,2,13,1:00pm-1:59pm,19,19,99,Unknown,99,Unknown EMS Hospital Arrival Time,1
26,Michigan,260457,0,0,3,2,1,2,2,65,INGHAM (65),2700,LANSING,6,June,25,25,7,Saturday,2022,1,1:00am-1:59am,30,30,WASHINGTON RD,NORTHRUP ST,6,Local Street - Municipality,2,Urban,4,Minor Arterial,4,City or Municipal Highway Agency,0,This section IS NOT on the NHS,0,No Special Jurisdiction,25,25,42.67655278,42.67655278,-84.56297222,-84.56297222,12,Motor Vehicle In-Transport,6,Angle,0,No,2,Intersection,2,Four-Way Intersection,1,On Roadway,0,None,3,Dark - Lighted,1,Clear,0,No,0000000,Not Applicable,1,1:00am-1:59am,30,30,1,1:00am-1:59am,30,30,99,Unknown,99,Unknown EMS Hospital Arrival Time,1
26,Michigan,260458,0,0,3,3,0,3,3,75,JACKSON (75),0,NOT APPLICABLE,6,June,27,27,2,Monday,2022,20,8:00pm-8:59pm,58,58,I-94,NA,1,Interstate,1,Rural,1,Interstate,1,State Highway Agency,1,This section IS ON the NHS,0,No Special Jurisdiction,271,271,42.290575,42.290575,-84.194675,-84.194675,12,Motor Vehicle In-Transport,2,Front-to-Front,0,No,1,Non-Junction,1,Not an Intersection,1,On Roadway,0,None,1,Daylight,1,Clear,0,No,0000000,Not Applicable,99,Unknown,99,Unknown,99,Unknown EMS Scene Arrival Hour,99,Unknown EMS Scene Arrival Minutes,99,Unknown,99,Unknown EMS Hospital Arrival Time,1
26,Michigan,260459,0,0,3,3,0,3,3,69,IOSCO (69),0,NOT APPLICABLE,5,May,29,29,1,Sunday,2022,13,1:00pm-1:59pm,49,49,SR-65,CURTIS RD,3,State Highway,1,Rural,4,Minor Arterial,1,State Highway Agency,0,This section IS NOT on the NHS,0,No Special Jurisdiction,139,139,44.36361667,44.36361667,-83.80448056,-83.80448056,12,Motor Vehicle In-Transport,6,Angle,0,No,2,Intersection,2,Four-Way Intersection,1,On Roadway,0,None,1,Daylight,1,Clear,0,No,0000000,Not Applicable,13,1:00pm-1:59pm,53,53,14,2:00pm-2:59pm,0,0,99,Unknown,99,Unknown EMS Hospital Arrival Time,1
26,Michigan,260460,0,0,1,1,0,1,1,125,OAKLAND (125),1652,FARMINGTON HILLS,7,July,9,9,7,Saturday,2022,22,10:00pm-10:59pm,2,2,I-696,NA,1,Interstate,2,Urban,1,Interstate,1,State Highway Agency,1,This section IS ON the NHS,0,No Special Jurisdiction,66,66,42.49051389,42.49051389,-83.32092778,-83.32092778,24,Guardrail Face,0,The First Harmful Event was Not a Collision with a Motor Vehicle in Transport,0,No,1,Non-Junction,1,Not an Intersection,4,On Roadside,0,None,2,Dark - Not Lighted,10,Cloudy,0,No,0000000,Not Applicable,99,Unknown,99,Unknown,99,Unknown EMS Scene Arrival Hour,99,Unknown EMS Scene Arrival Minutes,88,Not Applicable (Not Transported),88,Not Applicable (Not Transported),1
26,Michigan,260461,0,0,2,2,0,2,2,115,MONROE (115),0,NOT APPLICABLE,7,July,14,14,5,Thursday,2022,4,4:00am-4:59am,47,47,I-75,NA,1,Interstate,2,Urban,1,Interstate,1,State Highway Agency,1,This section IS ON the NHS,0,No Special Jurisdiction,255,255,42.05362778,42.05362778,-83.26762222,-83.26762222,12,Motor Vehicle In-Transport,1,Front-to-Rear,0,No,1,Non-Junction,1,Not an Intersection,1,On Roadway,0,None,2,Dark - Not Lighted,1,Clear,0,No,0000000,Not Applicable,4,4:00am-4:59am,52,52,5,5:00am-5:59am,4,4,99,Unknown,99,Unknown EMS Hospital Arrival Time,1
26,Michigan,260462,0,0,1,1,0,1,1,107,MECOSTA (107),0,NOT APPLICABLE,7,July,2,2,7,Saturday,2022,14,2:00pm-2:59pm,14,14,CR-100TH AVE,NA,4,County Road,1,Rural,4,Minor Arterial,2,County Highway Agency,0,This section IS NOT on the NHS,0,No Special Jurisdiction,38,38,43.537,43.537,-85.28408333,-85.28408333,1,Rollover/Overturn,0,The First Harmful Event was Not a Collision with a Motor Vehicle in Transport,0,No,1,Non-Junction,1,Not an Intersection,1,On Roadway,0,None,1,Daylight,1,Clear,0,No,0000000,Not Applicable,99,Unknown,99,Unknown,99,Unknown EMS Scene Arrival Hour,99,Unknown EMS Scene Arrival Minutes,99,Unknown,99,Unknown EMS Hospital Arrival Time,1
26,Michigan,260463,2,2,1,1,0,1,1,115,MONROE (115),3320,MONROE,7,July,7,7,5,Thursday,2022,14,2:00pm-2:59pm,26,26,N TELEGRAPH RD,NA,6,Local Street - Municipality,6,Trafficway Not in State Inventory,96,Trafficway Not in State Inventory,96,Trafficway Not in State Inventory,0,This section IS NOT on the NHS,0,No Special Jurisdiction,99998,Not Reported,41.92566667,41.92566667,-83.41482222,-83.41482222,8,Pedestrian,0,The First Harmful Event was Not a Collision with a Motor Vehicle in Transport,0,No,1,Non-Junction,1,Not an Intersection,1,On Roadway,0,None,1,Daylight,1,Clear,0,No,0000000,Not Applicable,14,2:00pm-2:59pm,27,27,14,2:00pm-2:59pm,28,28,99,Unknown,99,Unknown EMS Hospital Arrival Time,1
26,Michigan,260464,0,0,2,2,0,2,2,17,BAY (17),0,NOT APPLICABLE,7,July,17,17,1,Sunday,2022,13,1:00pm-1:59pm,10,10,SR-13 N HURON RD,NA,3,State Highway,1,Rural,4,Minor Arterial,1,State Highway Agency,0,This section IS NOT on the NHS,0,No Special Jurisdiction,193,193,43.80485556,43.80485556,-83.96711389,-83.96711389,12,Motor Vehicle In-Transport,1,Front-to-Rear,0,No,1,Non-Junction,1,Not an Intersection,1,On Roadway,0,None,1,Daylight,1,Clear,0,No,0000000,Not Applicable,13,1:00pm-1:59pm,12,12,13,1:00pm-1:59pm,15,15,99,Unknown,99,Unknown EMS Hospital Arrival Time,1
26,Michigan,260465,0,0,1,1,0,1,1,93,LIVINGSTON (93),2114,HAMBURG,7,July,3,3,1,Sunday,2022,19,7:00pm-7:59pm,43,43,CR-STRAWBERRY LAKE RD,NA,4,County Road,2,Urban,5,Major Collector,2,County Highway Agency,0,This section IS NOT on the NHS,0,No Special Jurisdiction,25,25,42.44148889,42.44148889,-83.83275,-83.83275,1,Rollover/Overturn,0,The First Harmful Event was Not a Collision with a Motor Vehicle in Transport,0,No,1,Non-Junction,1,Not an Intersection,4,On Roadside,0,None,1,Daylight,1,Clear,0,No,0000000,Not Applicable,19,7:00pm-7:59pm,44,44,19,7:00pm-7:59pm,47,47,88,Not Applicable (Not Transported),88,Not Applicable (Not Transported),1
26,Michigan,260466,0,0,2,2,0,2,2,163,WAYNE (163),633,BROWNSTOWN TOWNSHIP,7,July,12,12,3,Tuesday,2022,19,7:00pm-7:59pm,29,29,US-24 TELEGRAPH RD,NA,2,US Highway,2,Urban,3,Principal Arterial - Other,1,State Highway Agency,1,This section IS ON the NHS,0,No Special Jurisdiction,54,54,42.16779167,42.16779167,-83.26672778,-83.26672778,12,Motor Vehicle In-Transport,6,Angle,0,No,8,Driveway Access Related,1,Not an Intersection,1,On Roadway,0,None,1,Daylight,1,Clear,0,No,0000000,Not Applicable,99,Unknown,99,Unknown,99,Unknown EMS Scene Arrival Hour,99,Unknown EMS Scene Arrival Minutes,99,Unknown,99,Unknown EMS Hospital Arrival Time,1
26,Michigan,260467,1,1,1,1,0,1,1,163,WAYNE (163),1260,DETROIT,7,July,15,15,6,Friday,2022,7,7:00am-7:59am,25,25,SR-11 WOODWARD AVE,NA,3,State Highway,2,Urban,3,Principal Arterial - Other,1,State Highway Agency,1,This section IS ON the NHS,0,No Special Jurisdiction,18,18,42.42316111,42.42316111,-83.10948056,-83.10948056,8,Pedestrian,0,The First Harmful Event was Not a Collision with a Motor Vehicle in Transport,0,No,1,Non-Junction,1,Not an Intersection,1,On Roadway,0,None,1,Daylight,1,Clear,0,No,0000000,Not Applicable,99,Unknown,99,Unknown,99,Unknown EMS Scene Arrival Hour,99,Unknown EMS Scene Arrival Minutes,88,Not Applicable (Not Transported),88,Not Applicable (Not Transported),1
26,Michigan,260468,0,0,2,2,0,2,2,163,WAYNE (163),1210,DEARBORN,7,July,13,13,4,Wednesday,2022,11,11:00am-11:59am,41,41,CR-S WYOMING,W FORD RD,4,County Road,2,Urban,3,Principal Arterial - Other,2,County Highway Agency,1,This section IS ON the NHS,0,No Special Jurisdiction,0,None,42.33019444,42.33019444,-83.15680833,-83.15680833,12,Motor Vehicle In-Transport,1,Front-to-Rear,0,No,3,Intersection-Related,2,Four-Way Intersection,1,On Roadway,0,None,7,Other,10,Cloudy,0,No,0000000,Not Applicable,11,11:00am-11:59am,41,41,11,11:00am-11:59am,45,45,88,Not Applicable (Not Transported),88,Not Applicable (Not Transported),1
26,Michigan,260469,0,0,1,1,0,1,1,125,OAKLAND (125),4020,PONTIAC,7,July,2,2,7,Saturday,2022,2,2:00am-2:59am,13,13,JOSLYN RD,COLUMBIA AVE,6,Local Street - Municipality,2,Urban,3,Principal Arterial - Other,4,City or Municipal Highway Agency,1,This section IS ON the NHS,0,No Special Jurisdiction,12,12,42.67033333,42.67033333,-83.28039444,-83.28039444,30,Utility Pole/Light Support,0,The First Harmful Event was Not a Collision with a Motor Vehicle in Transport,0,No,3,Intersection-Related,2,Four-Way Intersection,4,On Roadside,0,None,3,Dark - Lighted,1,Clear,0,No,0000000,Not Applicable,2,2:00am-2:59am,13,13,2,2:00am-2:59am,25,25,88,Not Applicable (Not Transported),88,Not Applicable (Not Transported),1
26,Michigan,260470,0,0,1,1,0,1,1,163,WAYNE (163),2260,HIGHLAND PARK,7,July,3,3,1,Sunday,2022,19,7:00pm-7:59pm,30,30,CR-DAVISON ST,NA,4,County Road,2,Urban,5,Major Collector,2,County Highway Agency,0,This section IS NOT on the NHS,0,No Special Jurisdiction,0,None,42.40068611,42.40068611,-83.10436389,-83.10436389,38,Fence,0,The First Harmful Event was Not a Collision with a Motor Vehicle in Transport,0,No,1,Non-Junction,1,Not an Intersection,4,On Roadside,0,None,1,Daylight,1,Clear,0,No,0000000,Not Applicable,99,Unknown,99,Unknown,99,Unknown EMS Scene Arrival Hour,99,Unknown EMS Scene Arrival Minutes,88,Not Applicable (Not Transported),88,Not Applicable (Not Transported),1
26,Michigan,260471,0,0,2,2,0,5,5,77,KALAMAZOO (77),0,NOT APPLICABLE,7,July,10,10,1,Sunday,2022,20,8:00pm-8:59pm,13,13,SR-43 MAIN ST,NA,3,State Highway,2,Urban,3,Principal Arterial - Other,1,State Highway Agency,1,This section IS ON the NHS,0,No Special Jurisdiction,44,44,42.295675,42.295675,-85.68076111,-85.68076111,12,Motor Vehicle In-Transport,6,Angle,0,No,8,Driveway Access Related,1,Not an Intersection,1,On Roadway,0,None,1,Daylight,1,Clear,0,No,0000000,Not Applicable,20,8:00pm-8:59pm,16,16,99,Unknown EMS Scene Arrival Hour,99,Unknown EMS Scene Arrival Minutes,99,Unknown,99,Unknown EMS Hospital Arrival Time,1
26,Michigan,260472,0,0,1,1,0,3,3,125,OAKLAND (125),0,NOT APPLICABLE,7,July,16,16,7,Saturday,2022,17,5:00pm-5:59pm,15,15,CR-YULE,NA,4,County Road,1,Rural,7,Local,2,County Highway Agency,0,This section IS NOT on the NHS,0,No Special Jurisdiction,5,5,42.82178056,42.82178056,-83.13164444,-83.13164444,42,Tree (Standing Only),0,The First Harmful Event was Not a Collision with a Motor Vehicle in Transport,0,No,1,Non-Junction,1,Not an Intersection,4,On Roadside,0,None,1,Daylight,1,Clear,0,No,0000000,Not Applicable,17,5:00pm-5:59pm,17,17,17,5:00pm-5:59pm,25,25,99,Unknown,99,Unknown EMS Hospital Arrival Time,1
26,Michigan,260473,0,0,2,2,0,2,2,123,NEWAYGO (123),0,NOT APPLICABLE,7,July,15,15,6,Friday,2022,19,7:00pm-7:59pm,12,12,CR-N EVERGREEN,E 8 MILE RD,4,County Road,1,Rural,5,Major Collector,2,County Highway Agency,0,This section IS NOT on the NHS,0,No Special Jurisdiction,45,45,43.66976389,43.66976389,-85.7713,-85.7713,12,Motor Vehicle In-Transport,6,Angle,0,No,2,Intersection,3,T-Intersection,1,On Roadway,0,None,1,Daylight,1,Clear,0,No,0000000,Not Applicable,19,7:00pm-7:59pm,14,14,19,7:00pm-7:59pm,36,36,99,Unknown,99,Unknown EMS Hospital Arrival Time,1
26,Michigan,260474,0,0,2,2,0,4,4,77,KALAMAZOO (77),0,NOT APPLICABLE,7,July,20,20,4,Wednesday,2022,17,5:00pm-5:59pm,26,26,CR-DOUGLAS AVE,NA,4,County Road,1,Rural,4,Minor Arterial,2,County Highway Agency,0,This section IS NOT on the NHS,0,No Special Jurisdiction,71,71,42.39196944,42.39196944,-85.61048333,-85.61048333,12,Motor Vehicle In-Transport,2,Front-to-Front,0,No,1,Non-Junction,1,Not an Intersection,1,On Roadway,0,None,1,Daylight,1,Clear,0,No,0000000,Not Applicable,99,Unknown,99,Unknown,99,Unknown EMS Scene Arrival Hour,99,Unknown EMS Scene Arrival Minutes,99,Unknown,99,Unknown EMS Hospital Arrival Time,2
26,Michigan,260475,0,0,2,2,0,3,3,149,ST JOSEPH (149),0,NOT APPLICABLE,7,July,21,21,5,Thursday,2022,10,10:00am-10:59am,18,18,US-131,NA,2,US Highway,1,Rural,3,Principal Arterial - Other,1,State Highway Agency,1,This section IS ON the NHS,0,No Special Jurisdiction,25,25,41.850425,41.850425,-85.67870833,-85.67870833,12,Motor Vehicle In-Transport,2,Front-to-Front,0,No,1,Non-Junction,1,Not an Intersection,1,On Roadway,0,None,1,Daylight,1,Clear,0,No,0000000,Not Applicable,10,10:00am-10:59am,20,20,11,11:00am-11:59am,4,4,99,Unknown,99,Unknown EMS Hospital Arrival Time,2
26,Michigan,260476,1,1,1,1,0,1,1,157,TUSCOLA (157),1870,GAGETOWN,7,July,5,5,3,Tuesday,2022,21,9:00pm-9:59pm,52,52,SOUTH ST,4TH ST,6,Local Street - Municipality,1,Rural,7,Local,4,City or Municipal Highway Agency,0,This section IS NOT on the NHS,0,No Special Jurisdiction,0,None,43.65599444,43.65599444,-83.24826944,-83.24826944,8,Pedestrian,0,The First Harmful Event was Not a Collision with a Motor Vehicle in Transport,0,No,2,Intersection,2,Four-Way Intersection,1,On Roadway,0,None,5,Dusk,1,Clear,0,No,0000000,Not Applicable,99,Unknown,99,Unknown,99,Unknown EMS Scene Arrival Hour,99,Unknown EMS Scene Arrival Minutes,88,Not Applicable (Not Transported),88,Not Applicable (Not Transported),1
26,Michigan,260477,0,0,3,3,0,8,8,161,WASHTENAW (161),0,NOT APPLICABLE,7,July,2,2,7,Saturday,2022,23,11:00pm-11:59pm,8,8,CR-TERRITORIAL RD,NA,4,County Road,1,Rural,4,Minor Arterial,4,City or Municipal Highway Agency,0,This section IS NOT on the NHS,0,No Special Jurisdiction,130,130,42.3847,42.3847,-83.83542222,-83.83542222,12,Motor Vehicle In-Transport,8,Sideswipe - Opposite Direction,0,No,1,Non-Junction,1,Not an Intersection,1,On Roadway,0,None,2,Dark - Not Lighted,10,Cloudy,0,No,0000000,Not Applicable,23,11:00pm-11:59pm,12,12,23,11:00pm-11:59pm,25,25,99,Unknown,99,Unknown EMS Hospital Arrival Time,1
26,Michigan,260478,0,0,1,1,0,3,3,51,GLADWIN (51),0,NOT APPLICABLE,7,July,22,22,6,Friday,2022,20,8:00pm-8:59pm,58,58,CR-RED OAK LN,NA,4,County Road,6,Trafficway Not in State Inventory,96,Trafficway Not in State Inventory,96,Trafficway Not in State Inventory,0,This section IS NOT on the NHS,0,No Special Jurisdiction,2,2,44.10552778,44.10552778,-84.3121,-84.3121,1,Rollover/Overturn,0,The First Harmful Event was Not a Collision with a Motor Vehicle in Transport,0,No,1,Non-Junction,1,Not an Intersection,4,On Roadside,0,None,5,Dusk,10,Cloudy,0,No,0000000,Not Applicable,21,9:00pm-9:59pm,0,0,21,9:00pm-9:59pm,23,23,99,Unknown,99,Unknown EMS Hospital Arrival Time,1
26,Michigan,260479,0,0,2,2,0,2,2,147,ST. CLAIR (147),4060,PORT HURON,7,July,25,25,2,Monday,2022,6,6:00am-6:59am,35,35,16TH ST,CHESTNUT ST,6,Local Street - Municipality,2,Urban,4,Minor Arterial,4,City or Municipal Highway Agency,0,This section IS NOT on the NHS,0,No Special Jurisdiction,15,15,42.969,42.969,-82.44256111,-82.44256111,12,Motor Vehicle In-Transport,6,Angle,0,No,2,Intersection,2,Four-Way Intersection,1,On Roadway,0,None,1,Daylight,1,Clear,0,No,0000000,Not Applicable,6,6:00am-6:59am,37,37,6,6:00am-6:59am,38,38,88,Not Applicable (Not Transported),88,Not Applicable (Not Transported),1
26,Michigan,260480,0,0,2,2,0,4,4,77,KALAMAZOO (77),0,NOT APPLICABLE,7,July,23,23,7,Saturday,2022,14,2:00pm-2:59pm,35,35,CR-N SPRINKLE RD,E H AVE,4,County Road,2,Urban,3,Principal Arterial - Other,2,County Highway Agency,1,This section IS ON the NHS,0,No Special Jurisdiction,102,102,42.317375,42.317375,-85.52134722,-85.52134722,12,Motor Vehicle In-Transport,6,Angle,0,No,2,Intersection,2,Four-Way Intersection,1,On Roadway,0,None,1,Daylight,1,Clear,0,No,0000000,Not Applicable,99,Unknown,99,Unknown,99,Unknown EMS Scene Arrival Hour,99,Unknown EMS Scene Arrival Minutes,88,Not Applicable (Not Transported),88,Not Applicable (Not Transported),1
26,Michigan,260481,0,0,1,1,0,1,1,17,BAY (17),0,NOT APPLICABLE,7,July,4,4,2,Monday,2022,10,10:00am-10:59am,34,34,I-75,NA,1,Interstate,1,Rural,1,Interstate,1,State Highway Agency,1,This section IS ON the NHS,0,No Special Jurisdiction,166,166,43.74308333,43.74308333,-84.01738333,-84.01738333,34,Ditch,0,The First Harmful Event was Not a Collision with a Motor Vehicle in Transport,1,Yes,19,Other location within Interchange Area,1,Not an Intersection,8,Gore,0,None,1,Daylight,1,Clear,0,No,0000000,Not Applicable,99,Unknown,99,Unknown,99,Unknown EMS Scene Arrival Hour,99,Unknown EMS Scene Arrival Minutes,99,Unknown,99,Unknown EMS Hospital Arrival Time,1
26,Michigan,260482,0,0,2,2,0,2,2,65,INGHAM (65),2700,LANSING,7,July,21,21,5,Thursday,2022,16,4:00pm-4:59pm,18,18,SR-99 MARTIN LUTHER KING JR,HUGHES RD,3,State Highway,2,Urban,3,Principal Arterial - Other,1,State Highway Agency,1,This section IS ON the NHS,0,No Special Jurisdiction,20,20,42.67485833,42.67485833,-84.57610278,-84.57610278,12,Motor Vehicle In-Transport,1,Front-to-Rear,0,No,3,Intersection-Related,2,Four-Way Intersection,1,On Roadway,0,None,1,Daylight,1,Clear,0,No,0000000,Not Applicable,16,4:00pm-4:59pm,14,14,99,Unknown EMS Scene Arrival Hour,99,Unknown EMS Scene Arrival Minutes,88,Not Applicable (Not Transported),88,Not Applicable (Not Transported),1
26,Michigan,260483,0,0,3,3,0,7,7,155,SHIAWASSEE (155),0,NOT APPLICABLE,7,July,9,9,7,Saturday,2022,14,2:00pm-2:59pm,11,11,SR-52,NA,3,State Highway,1,Rural,4,Minor Arterial,1,State Highway Agency,0,This section IS NOT on the NHS,0,No Special Jurisdiction,206,206,43.06095,43.06095,-84.17698611,-84.17698611,12,Motor Vehicle In-Transport,1,Front-to-Rear,0,No,8,Driveway Access Related,1,Not an Intersection,1,On Roadway,0,None,1,Daylight,1,Clear,0,No,0000000,Not Applicable,99,Unknown,99,Unknown,99,Unknown EMS Scene Arrival Hour,99,Unknown EMS Scene Arrival Minutes,99,Unknown,99,Unknown EMS Hospital Arrival Time,1
26,Michigan,260484,1,1,1,1,0,1,1,81,KENT (81),2010,GRAND RAPIDS,7,July,24,24,1,Sunday,2022,22,10:00pm-10:59pm,20,20,SR-11 28TH ST SE,NA,3,State Highway,2,Urban,3,Principal Arterial - Other,1,State Highway Agency,1,This section IS ON the NHS,0,No Special Jurisdiction,120,120,42.91293056,42.91293056,-85.66073889,-85.66073889,8,Pedestrian,0,The First Harmful Event was Not a Collision with a Motor Vehicle in Transport,0,No,1,Non-Junction,1,Not an Intersection,1,On Roadway,0,None,3,Dark - Lighted,1,Clear,0,No,0000000,Not Applicable,22,10:00pm-10:59pm,23,23,22,10:00pm-10:59pm,27,27,99,Unknown,99,Unknown EMS Hospital Arrival Time,1
26,Michigan,260485,0,0,1,1,0,1,1,65,INGHAM (65),2700,LANSING,7,July,30,30,7,Saturday,2022,4,4:00am-4:59am,33,33,E CESAR CHAVEZ AVE,NA,6,Local Street - Municipality,2,Urban,5,Major Collector,4,City or Municipal Highway Agency,0,This section IS NOT on the NHS,0,No Special Jurisdiction,13,13,42.74724722,42.74724722,-84.53384167,-84.53384167,33,Curb,0,The First Harmful Event was Not a Collision with a Motor Vehicle in Transport,0,No,1,Non-Junction,1,Not an Intersection,4,On Roadside,0,None,3,Dark - Lighted,1,Clear,0,No,0000000,Not Applicable,4,4:00am-4:59am,33,33,4,4:00am-4:59am,38,38,88,Not Applicable (Not Transported),88,Not Applicable (Not Transported),1
26,Michigan,260486,0,0,3,3,0,4,4,55,GRAND TRAVERSE (55),0,NOT APPLICABLE,7,July,29,29,6,Friday,2022,22,10:00pm-10:59pm,50,50,SR-72,NA,3,State Highway,1,Rural,4,Minor Arterial,1,State Highway Agency,0,This section IS NOT on the NHS,0,No Special Jurisdiction,38,38,44.77540278,44.77540278,-85.69925,-85.69925,12,Motor Vehicle In-Transport,1,Front-to-Rear,0,No,1,Non-Junction,1,Not an Intersection,1,On Roadway,0,None,2,Dark - Not Lighted,1,Clear,0,No,0000000,Not Applicable,23,11:00pm-11:59pm,2,2,23,11:00pm-11:59pm,11,11,88,Not Applicable (Not Transported),88,Not Applicable (Not Transported),2
26,Michigan,260487,0,0,1,1,0,1,1,65,INGHAM (65),2700,LANSING,7,July,11,11,2,Monday,2022,20,8:00pm-8:59pm,32,32,SR-96 CEDAR ST,NA,3,State Highway,2,Urban,3,Principal Arterial - Other,1,State Highway Agency,1,This section IS ON the NHS,0,No Special Jurisdiction,1,1,42.72651667,42.72651667,-84.54474722,-84.54474722,5,Fell/Jumped from Vehicle,0,The First Harmful Event was Not a Collision with a Motor Vehicle in Transport,1,Yes,18,Through Roadway,1,Not an Intersection,1,On Roadway,0,None,1,Daylight,1,Clear,0,No,0000000,Not Applicable,20,8:00pm-8:59pm,30,30,20,8:00pm-8:59pm,35,35,88,Not Applicable (Not Transported),88,Not Applicable (Not Transported),1
26,Michigan,260488,5,5,1,1,0,1,1,67,IONIA (67),0,NOT APPLICABLE,7,July,30,30,7,Saturday,2022,11,11:00am-11:59am,15,15,CR-STAGE RD,NA,4,County Road,1,Rural,5,Major Collector,2,County Highway Agency,0,This section IS NOT on the NHS,0,No Special Jurisdiction,41,41,43.05096667,43.05096667,-84.99578333,-84.99578333,9,Pedalcyclist,0,The First Harmful Event was Not a Collision with a Motor Vehicle in Transport,0,No,1,Non-Junction,1,Not an Intersection,1,On Roadway,0,None,1,Daylight,1,Clear,0,No,0000000,Not Applicable,11,11:00am-11:59am,16,16,11,11:00am-11:59am,29,29,99,Unknown,99,Unknown EMS Hospital Arrival Time,2
26,Michigan,260489,0,0,1,1,0,1,1,139,OTTAWA (139),0,NOT APPLICABLE,7,July,12,12,3,Tuesday,2022,23,11:00pm-11:59pm,57,57,CR-OTTAWA BEACH RD,NA,4,County Road,2,Urban,4,Minor Arterial,2,County Highway Agency,0,This section IS NOT on the NHS,0,No Special Jurisdiction,38,38,42.79749722,42.79749722,-86.14713056,-86.14713056,30,Utility Pole/Light Support,0,The First Harmful Event was Not a Collision with a Motor Vehicle in Transport,0,No,1,Non-Junction,1,Not an Intersection,4,On Roadside,0,None,2,Dark - Not Lighted,1,Clear,0,No,0000000,Not Applicable,0,0:00am-0:59am,0,0,0,0:00am-0:59am,17,17,88,Not Applicable (Not Transported),88,Not Applicable (Not Transported),1
26,Michigan,260490,0,0,3,3,0,4,4,81,KENT (81),0,NOT APPLICABLE,7,July,30,30,7,Saturday,2022,18,6:00pm-6:59pm,47,47,SR-6,NA,3,State Highway,2,Urban,2,Principal Arterial - Other Freeways and Expressways,1,State Highway Agency,1,This section IS ON the NHS,0,No Special Jurisdiction,13,13,42.84981944,42.84981944,-85.75861667,-85.75861667,12,Motor Vehicle In-Transport,2,Front-to-Front,0,No,1,Non-Junction,1,Not an Intersection,1,On Roadway,0,None,1,Daylight,1,Clear,0,No,0000000,Not Applicable,18,6:00pm-6:59pm,56,56,19,7:00pm-7:59pm,0,0,99,Unknown,99,Unknown EMS Hospital Arrival Time,1
26,Michigan,260491,0,0,1,1,0,4,4,9,ANTRIM (9),0,NOT APPLICABLE,7,July,21,21,5,Thursday,2022,19,7:00pm-7:59pm,43,43,SR-88,NA,3,State Highway,1,Rural,4,Minor Arterial,1,State Highway Agency,0,This section IS NOT on the NHS,0,No Special Jurisdiction,99,99,44.95693333,44.95693333,-85.19885833,-85.19885833,1,Rollover/Overturn,0,The First Harmful Event was Not a Collision with a Motor Vehicle in Transport,0,No,1,Non-Junction,1,Not an Intersection,1,On Roadway,0,None,1,Daylight,1,Clear,0,No,0000000,Not Applicable,99,Unknown,99,Unknown,99,Unknown EMS Scene Arrival Hour,99,Unknown EMS Scene Arrival Minutes,99,Unknown,99,Unknown EMS Hospital Arrival Time,1
26,Michigan,260492,0,0,1,1,0,1,1,159,VAN BUREN (159),0,NOT APPLICABLE,7,July,13,13,4,Wednesday,2022,0,0:00am-0:59am,50,50,CR-669,NA,4,County Road,1,Rural,6,Minor Collector,2,County Highway Agency,0,This section IS NOT on the NHS,0,No Special Jurisdiction,47,47,42.14167222,42.14167222,-85.87199167,-85.87199167,1,Rollover/Overturn,0,The First Harmful Event was Not a Collision with a Motor Vehicle in Transport,0,No,1,Non-Junction,1,Not an Intersection,1,On Roadway,0,None,2,Dark - Not Lighted,1,Clear,0,No,0000000,Not Applicable,0,0:00am-0:59am,50,50,1,1:00am-1:59am,10,10,99,Unknown,99,Unknown EMS Hospital Arrival Time,1
26,Michigan,260493,0,0,1,1,0,2,2,75,JACKSON (75),3466,NAPOLEON,7,July,6,6,4,Wednesday,2022,0,0:00am-0:59am,13,13,CR-CLARK LAKE RD,NA,4,County Road,1,Rural,6,Minor Collector,2,County Highway Agency,0,This section IS NOT on the NHS,0,No Special Jurisdiction,22,22,42.15421944,42.15421944,-84.3257,-84.3257,11,Live Animal,0,The First Harmful Event was Not a Collision with a Motor Vehicle in Transport,0,No,1,Non-Junction,1,Not an Intersection,1,On Roadway,0,None,2,Dark - Not Lighted,1,Clear,0,No,0000000,Not Applicable,99,Unknown,99,Unknown,99,Unknown EMS Scene Arrival Hour,99,Unknown EMS Scene Arrival Minutes,99,Unknown,99,Unknown EMS Hospital Arrival Time,1
26,Michigan,260494,0,0,1,1,0,1,1,125,OAKLAND (125),0,NOT APPLICABLE,7,July,10,10,1,Sunday,2022,22,10:00pm-10:59pm,30,30,CR-CLARKSTON RD,NA,4,County Road,2,Urban,4,Minor Arterial,2,County Highway Agency,0,This section IS NOT on the NHS,0,No Special Jurisdiction,16,16,42.74971667,42.74971667,-83.39783889,-83.39783889,5,Fell/Jumped from Vehicle,0,The First Harmful Event was Not a Collision with a Motor Vehicle in Transport,0,No,1,Non-Junction,1,Not an Intersection,4,On Roadside,0,None,2,Dark - Not Lighted,1,Clear,0,No,0000000,Not Applicable,22,10:00pm-10:59pm,32,32,22,10:00pm-10:59pm,36,36,99,Unknown,99,Unknown EMS Hospital Arrival Time,1
26,Michigan,260495,1,1,1,1,0,1,1,163,WAYNE (163),1260,DETROIT,7,July,14,14,5,Thursday,2022,15,3:00pm-3:59pm,12,12,HAYES ST,ROSEMARY ST,6,Local Street - Municipality,2,Urban,4,Minor Arterial,4,City or Municipal Highway Agency,0,This section IS NOT on the NHS,0,No Special Jurisdiction,7,7,42.41580833,42.41580833,-82.96484722,-82.96484722,9,Pedalcyclist,0,The First Harmful Event was Not a Collision with a Motor Vehicle in Transport,0,No,2,Intersection,2,Four-Way Intersection,1,On Roadway,0,None,1,Daylight,1,Clear,0,No,0000000,Not Applicable,99,Unknown,99,Unknown,99,Unknown EMS Scene Arrival Hour,99,Unknown EMS Scene Arrival Minutes,88,Not Applicable (Not Transported),88,Not Applicable (Not Transported),1
26,Michigan,260496,0,0,1,1,0,1,1,11,ARENAC (11),0,NOT APPLICABLE,3,March,17,17,5,Thursday,2022,6,6:00am-6:59am,0,0,CR-S MELITA RD,NA,4,County Road,1,Rural,5,Major Collector,2,County Highway Agency,0,This section IS NOT on the NHS,0,No Special Jurisdiction,121,121,44.07998056,44.07998056,-84.00903889,-84.00903889,34,Ditch,0,The First Harmful Event was Not a Collision with a Motor Vehicle in Transport,0,No,1,Non-Junction,1,Not an Intersection,4,On Roadside,0,None,3,Dark - Lighted,1,Clear,0,No,0000000,Not Applicable,7,7:00am-7:59am,56,56,8,8:00am-8:59am,6,6,88,Not Applicable (Not Transported),88,Not Applicable (Not Transported),1
26,Michigan,260497,0,0,1,1,0,2,2,49,GENESEE (49),1730,FLINT,5,May,25,25,4,Wednesday,2022,5,5:00am-5:59am,59,59,S HOME AVE,N SAGINAW ST,6,Local Street - Municipality,2,Urban,5,Major Collector,4,City or Municipal Highway Agency,0,This section IS NOT on the NHS,0,No Special Jurisdiction,20,20,43.06730278,43.06730278,-83.69350833,-83.69350833,43,Other Fixed Object,0,The First Harmful Event was Not a Collision with a Motor Vehicle in Transport,0,No,3,Intersection-Related,3,T-Intersection,4,On Roadside,0,None,1,Daylight,1,Clear,0,No,0000000,Not Applicable,99,Unknown,99,Unknown,99,Unknown EMS Scene Arrival Hour,99,Unknown EMS Scene Arrival Minutes,88,Not Applicable (Not Transported),88,Not Applicable (Not Transported),1
26,Michigan,260498,0,0,1,1,0,1,1,157,TUSCOLA (157),0,NOT APPLICABLE,6,June,4,4,7,Saturday,2022,21,9:00pm-9:59pm,59,59,CR-OAK RD,NA,4,County Road,1,Rural,7,Local,2,County Highway Agency,0,This section IS NOT on the NHS,0,No Special Jurisdiction,0,None,43.26706389,43.26706389,-83.50112778,-83.50112778,1,Rollover/Overturn,0,The First Harmful Event was Not a Collision with a Motor Vehicle in Transport,0,No,1,Non-Junction,1,Not an Intersection,1,On Roadway,0,None,2,Dark - Not Lighted,1,Clear,0,No,0000000,Not Applicable,21,9:00pm-9:59pm,59,59,22,10:00pm-10:59pm,14,14,88,Not Applicable (Not Transported),88,Not Applicable (Not Transported),1
26,Michigan,260499,0,0,1,1,0,1,1,49,GENESEE (49),0,NOT APPLICABLE,7,July,10,10,1,Sunday,2022,2,2:00am-2:59am,6,6,SR-54 SAGINAW RD,NA,3,State Highway,2,Urban,3,Principal Arterial - Other,1,State Highway Agency,1,This section IS ON the NHS,0,No Special Jurisdiction,215,215,43.16026111,43.16026111,-83.70131389,-83.70131389,1,Rollover/Overturn,0,The First Harmful Event was Not a Collision with a Motor Vehicle in Transport,0,No,1,Non-Junction,1,Not an Intersection,4,On Roadside,0,None,2,Dark - Not Lighted,1,Clear,0,No,0000000,Not Applicable,1,1:00am-1:59am,57,57,2,2:00am-2:59am,7,7,88,Not Applicable (Not Transported),88,Not Applicable (Not Transported),1
26,Michigan,260500,1,1,1,1,0,1,1,125,OAKLAND (125),4020,PONTIAC,7,July,31,31,1,Sunday,2022,5,5:00am-5:59am,20,20,SR-I-75/US-24 WOODWARD AVE,NA,3,State Highway,2,Urban,3,Principal Arterial - Other,1,State Highway Agency,1,This section IS ON the NHS,0,No Special Jurisdiction,9,9,42.61438333,42.61438333,-83.2746,-83.2746,8,Pedestrian,0,The First Harmful Event was Not a Collision with a Motor Vehicle in Transport,0,No,1,Non-Junction,1,Not an Intersection,1,On Roadway,0,None,3,Dark - Lighted,1,Clear,0,No,0000000,Not Applicable,5,5:00am-5:59am,22,22,5,5:00am-5:59am,22,22,99,Unknown,99,Unknown EMS Hospital Arrival Time,1
26,Michigan,260501,0,0,2,2,0,2,2,159,VAN BUREN (159),0,NOT APPLICABLE,7,July,16,16,7,Saturday,2022,19,7:00pm-7:59pm,22,22,CR-70TH ST,PHOENIX RD,4,County Road,1,Rural,4,Minor Arterial,2,County Highway Agency,0,This section IS NOT on the NHS,0,No Special Jurisdiction,0,None,42.40368056,42.40368056,-86.22527222,-86.22527222,12,Motor Vehicle In-Transport,6,Angle,0,No,2,Intersection,3,T-Intersection,1,On Roadway,0,None,1,Daylight,10,Cloudy,0,No,0000000,Not Applicable,99,Unknown,98,Unknown if Notified,99,Unknown EMS Scene Arrival Hour,98,Unknown if Arrived,88,Not Applicable (Not Transported),88,Not Applicable (Not Transported),1
26,Michigan,260502,0,0,1,1,0,1,1,65,INGHAM (65),2700,LANSING,7,July,31,31,1,Sunday,2022,2,2:00am-2:59am,47,47,SR-99 EATON RAPIDS RD,NA,3,State Highway,2,Urban,4,Minor Arterial,1,State Highway Agency,0,This section IS NOT on the NHS,0,No Special Jurisdiction,9,9,42.66293611,42.66293611,-84.59065556,-84.59065556,33,Curb,0,The First Harmful Event was Not a Collision with a Motor Vehicle in Transport,0,No,1,Non-Junction,1,Not an Intersection,4,On Roadside,0,None,3,Dark - Lighted,1,Clear,0,No,0000000,Not Applicable,2,2:00am-2:59am,47,47,2,2:00am-2:59am,50,50,88,Not Applicable (Not Transported),88,Not Applicable (Not Transported),1
26,Michigan,260503,0,0,2,2,0,2,2,163,WAYNE (163),0,NOT APPLICABLE,7,July,10,10,1,Sunday,2022,9,9:00am-9:59am,50,50,CR-SIX MILE RD,SHELDON RD,4,County Road,2,Urban,4,Minor Arterial,2,County Highway Agency,0,This section IS NOT on the NHS,0,No Special Jurisdiction,35,35,42.41025,42.41025,-83.48233333,-83.48233333,12,Motor Vehicle In-Transport,6,Angle,0,No,2,Intersection,2,Four-Way Intersection,1,On Roadway,0,None,1,Daylight,1,Clear,0,No,0000000,Not Applicable,99,Unknown,99,Unknown,99,Unknown EMS Scene Arrival Hour,99,Unknown EMS Scene Arrival Minutes,99,Unknown,99,Unknown EMS Hospital Arrival Time,1
26,Michigan,260504,0,0,2,2,0,2,2,77,KALAMAZOO (77),0,NOT APPLICABLE,7,July,16,16,7,Saturday,2022,14,2:00pm-2:59pm,15,15,CR-W VW AVE,NA,4,County Road,2,Urban,5,Major Collector,2,County Highway Agency,0,This section IS NOT on the NHS,0,No Special Jurisdiction,60,60,42.12140833,42.12140833,-85.59933611,-85.59933611,12,Motor Vehicle In-Transport,2,Front-to-Front,0,No,1,Non-Junction,1,Not an Intersection,1,On Roadway,0,None,1,Daylight,1,Clear,0,No,0000000,Not Applicable,99,Unknown,99,Unknown,99,Unknown EMS Scene Arrival Hour,99,Unknown EMS Scene Arrival Minutes,99,Unknown,99,Unknown EMS Hospital Arrival Time,1
26,Michigan,260506,0,0,1,1,0,2,2,97,MACKINAC (97),0,NOT APPLICABLE,7,July,19,19,3,Tuesday,2022,23,11:00pm-11:59pm,50,50,CR-H33,NA,4,County Road,1,Rural,5,Major Collector,2,County Highway Agency,0,This section IS NOT on the NHS,0,No Special Jurisdiction,51,51,46.15879722,46.15879722,-85.73949722,-85.73949722,32,Culvert,0,The First Harmful Event was Not a Collision with a Motor Vehicle in Transport,0,No,1,Non-Junction,1,Not an Intersection,4,On Roadside,0,None,2,Dark - Not Lighted,1,Clear,0,No,0000000,Not Applicable,23,11:00pm-11:59pm,50,50,0,0:00am-0:59am,11,11,99,Unknown,99,Unknown EMS Hospital Arrival Time,1
26,Michigan,260507,0,0,2,2,0,2,2,31,CHEBOYGAN (31),0,NOT APPLICABLE,7,July,20,20,4,Wednesday,2022,13,1:00pm-1:59pm,24,24,CR-INDIAN TRAIL RD,WING RD,4,County Road,1,Rural,7,Local,2,County Highway Agency,0,This section IS NOT on the NHS,0,No Special Jurisdiction,26,26,45.58412778,45.58412778,-84.50924444,-84.50924444,12,Motor Vehicle In-Transport,6,Angle,0,No,2,Intersection,2,Four-Way Intersection,1,On Roadway,0,None,1,Daylight,2,Rain,0,No,0000000,Not Applicable,13,1:00pm-1:59pm,29,29,13,1:00pm-1:59pm,34,34,99,Unknown,99,Unknown EMS Hospital Arrival Time,1
26,Michigan,260508,1,1,1,1,0,1,1,21,BERRIEN (21),0,NOT APPLICABLE,7,July,20,20,4,Wednesday,2022,14,2:00pm-2:59pm,59,59,CR-RED BUD TRL,NA,4,County Road,2,Urban,5,Major Collector,2,County Highway Agency,0,This section IS NOT on the NHS,0,No Special Jurisdiction,107,107,41.90834444,41.90834444,-86.37097222,-86.37097222,8,Pedestrian,0,The First Harmful Event was Not a Collision with a Motor Vehicle in Transport,0,No,1,Non-Junction,1,Not an Intersection,1,On Roadway,0,None,1,Daylight,1,Clear,0,No,0000000,Not Applicable,99,Unknown,99,Unknown,99,Unknown EMS Scene Arrival Hour,99,Unknown EMS Scene Arrival Minutes,99,Unknown,99,Unknown EMS Hospital Arrival Time,1
26,Michigan,260509,0,0,1,1,0,1,1,75,JACKSON (75),0,NOT APPLICABLE,7,July,23,23,7,Saturday,2022,18,6:00pm-6:59pm,46,46,CR-MOUNT HOPE RD,NA,4,County Road,1,Rural,5,Major Collector,2,County Highway Agency,0,This section IS NOT on the NHS,0,No Special Jurisdiction,72,72,42.29791389,42.29791389,-84.20407222,-84.20407222,34,Ditch,0,The First Harmful Event was Not a Collision with a Motor Vehicle in Transport,0,No,1,Non-Junction,1,Not an Intersection,4,On Roadside,0,None,1,Daylight,1,Clear,0,No,0000000,Not Applicable,18,6:00pm-6:59pm,47,47,18,6:00pm-6:59pm,58,58,88,Not Applicable (Not Transported),88,Not Applicable (Not Transported),1
26,Michigan,260510,0,0,1,1,0,1,1,125,OAKLAND (125),4020,PONTIAC,7,July,24,24,1,Sunday,2022,15,3:00pm-3:59pm,59,59,CHAMBERLAIN ST,GINGELL CT,6,Local Street - Municipality,2,Urban,7,Local,4,City or Municipal Highway Agency,0,This section IS NOT on the NHS,0,No Special Jurisdiction,2,2,42.64846111,42.64846111,-83.28836667,-83.28836667,19,Building,0,The First Harmful Event was Not a Collision with a Motor Vehicle in Transport,0,No,3,Intersection-Related,3,T-Intersection,5,Outside Trafficway,0,None,1,Daylight,10,Cloudy,0,No,0000000,Not Applicable,15,3:00pm-3:59pm,59,59,16,4:00pm-4:59pm,2,2,88,Not Applicable (Not Transported),88,Not Applicable (Not Transported),1
26,Michigan,260511,0,0,2,2,0,2,2,163,WAYNE (163),633,BROWNSTOWN TOWNSHIP,7,July,23,23,7,Saturday,2022,17,5:00pm-5:59pm,45,45,CR-VAN HORN RD,ARSENAL,4,County Road,2,Urban,4,Minor Arterial,2,County Highway Agency,0,This section IS NOT on the NHS,0,No Special Jurisdiction,32,32,42.12355833,42.12355833,-83.28981667,-83.28981667,12,Motor Vehicle In-Transport,6,Angle,0,No,2,Intersection,2,Four-Way Intersection,1,On Roadway,0,None,1,Daylight,1,Clear,0,No,0000000,Not Applicable,99,Unknown,99,Unknown,99,Unknown EMS Scene Arrival Hour,99,Unknown EMS Scene Arrival Minutes,99,Unknown,99,Unknown EMS Hospital Arrival Time,1
26,Michigan,260512,0,0,2,2,0,2,2,125,OAKLAND (125),3628,NOVI,7,July,13,13,4,Wednesday,2022,9,9:00am-9:59am,53,53,NOVI RD,NA,6,Local Street - Municipality,2,Urban,4,Minor Arterial,4,City or Municipal Highway Agency,0,This section IS NOT on the NHS,0,No Special Jurisdiction,4,4,42.50828333,42.50828333,-83.47035833,-83.47035833,12,Motor Vehicle In-Transport,2,Front-to-Front,0,No,1,Non-Junction,1,Not an Intersection,1,On Roadway,0,None,1,Daylight,10,Cloudy,0,No,0000000,Not Applicable,99,Unknown,99,Unknown,99,Unknown EMS Scene Arrival Hour,99,Unknown EMS Scene Arrival Minutes,99,Unknown,99,Unknown EMS Hospital Arrival Time,1
26,Michigan,260513,0,0,1,1,0,1,1,117,MONTCALM (117),0,NOT APPLICABLE,7,July,24,24,1,Sunday,2022,6,6:00am-6:59am,19,19,US-131,NA,2,US Highway,2,Urban,2,Principal Arterial - Other Freeways and Expressways,1,State Highway Agency,1,This section IS ON the NHS,0,No Special Jurisdiction,0,None,43.39675556,43.39675556,-85.51020278,-85.51020278,31,"Post, Pole or Other Supports",0,The First Harmful Event was Not a Collision with a Motor Vehicle in Transport,1,Yes,19,Other location within Interchange Area,1,Not an Intersection,8,Gore,0,None,2,Dark - Not Lighted,2,Rain,0,No,0000000,Not Applicable,99,Unknown,99,Unknown,99,Unknown EMS Scene Arrival Hour,99,Unknown EMS Scene Arrival Minutes,88,Not Applicable (Not Transported),88,Not Applicable (Not Transported),1
26,Michigan,260514,0,0,3,3,0,5,5,163,WAYNE (163),90,ALLEN PARK,7,July,23,23,7,Saturday,2022,2,2:00am-2:59am,56,56,I-94,NA,1,Interstate,2,Urban,1,Interstate,1,State Highway Agency,1,This section IS ON the NHS,0,No Special Jurisdiction,168,168,42.26653889,42.26653889,-83.23064167,-83.23064167,12,Motor Vehicle In-Transport,6,Angle,0,No,1,Non-Junction,1,Not an Intersection,1,On Roadway,0,None,3,Dark - Lighted,1,Clear,0,No,0000000,Not Applicable,99,Unknown,99,Unknown,99,Unknown EMS Scene Arrival Hour,99,Unknown EMS Scene Arrival Minutes,99,Unknown,99,Unknown EMS Hospital Arrival Time,3
26,Michigan,260515,0,0,1,1,0,1,1,121,MUSKEGON (121),3450,MUSKEGON,7,July,17,17,1,Sunday,2022,10,10:00am-10:59am,2,2,US-31 BR SKYLINE DR,NA,2,US Highway,2,Urban,3,Principal Arterial - Other,1,State Highway Agency,1,This section IS ON the NHS,0,No Special Jurisdiction,17,17,43.25027778,43.25027778,-86.23519444,-86.23519444,1,Rollover/Overturn,0,The First Harmful Event was Not a Collision with a Motor Vehicle in Transport,0,No,1,Non-Junction,1,Not an Intersection,1,On Roadway,0,None,1,Daylight,10,Cloudy,0,No,0000000,Not Applicable,99,Unknown,99,Unknown,99,Unknown EMS Scene Arrival Hour,99,Unknown EMS Scene Arrival Minutes,99,Unknown,99,Unknown EMS Hospital Arrival Time,1
26,Michigan,260516,0,0,1,1,0,2,2,67,IONIA (67),0,NOT APPLICABLE,7,July,19,19,3,Tuesday,2022,17,5:00pm-5:59pm,6,6,CR-HOCK RD,NA,4,County Road,1,Rural,5,Major Collector,2,County Highway Agency,0,This section IS NOT on the NHS,0,No Special Jurisdiction,1,1,43.11158056,43.11158056,-85.20619722,-85.20619722,1,Rollover/Overturn,0,The First Harmful Event was Not a Collision with a Motor Vehicle in Transport,0,No,1,Non-Junction,1,Not an Intersection,1,On Roadway,0,None,1,Daylight,1,Clear,0,No,0000000,Not Applicable,99,Unknown,99,Unknown,99,Unknown EMS Scene Arrival Hour,99,Unknown EMS Scene Arrival Minutes,99,Unknown,99,Unknown EMS Hospital Arrival Time,1
26,Michigan,260517,1,1,1,1,0,1,1,163,WAYNE (163),4975,VAN BOWEN,7,July,27,27,4,Wednesday,2022,0,0:00am-0:59am,38,38,CR-I-94 SERVICE DR,NA,4,County Road,2,Urban,5,Major Collector,2,County Highway Agency,0,This section IS NOT on the NHS,0,No Special Jurisdiction,11,11,42.21839722,42.21839722,-83.52612778,-83.52612778,8,Pedestrian,0,The First Harmful Event was Not a Collision with a Motor Vehicle in Transport,0,No,1,Non-Junction,1,Not an Intersection,1,On Roadway,0,None,2,Dark - Not Lighted,1,Clear,0,No,0000000,Not Applicable,99,Unknown,99,Unknown,99,Unknown EMS Scene Arrival Hour,99,Unknown EMS Scene Arrival Minutes,88,Not Applicable (Not Transported),88,Not Applicable (Not Transported),1
26,Michigan,260518,0,0,2,2,0,2,2,163,WAYNE (163),1260,DETROIT,7,July,29,29,6,Friday,2022,0,0:00am-0:59am,30,30,CR-W OUTER DR,WYOMING,4,County Road,2,Urban,4,Minor Arterial,2,County Highway Agency,0,This section IS NOT on the NHS,0,No Special Jurisdiction,15,15,42.43490278,42.43490278,-83.16106944,-83.16106944,12,Motor Vehicle In-Transport,6,Angle,0,No,2,Intersection,2,Four-Way Intersection,1,On Roadway,0,None,3,Dark - Lighted,1,Clear,0,No,0000000,Not Applicable,99,Unknown,99,Unknown,99,Unknown EMS Scene Arrival Hour,99,Unknown EMS Scene Arrival Minutes,99,Unknown,99,Unknown EMS Hospital Arrival Time,1
26,Michigan,260519,1,1,1,1,0,3,3,163,WAYNE (163),1260,DETROIT,7,July,23,23,7,Saturday,2022,23,11:00pm-11:59pm,8,8,SR-5 GRAND RIVER AVE,NA,3,State Highway,2,Urban,3,Principal Arterial - Other,1,State Highway Agency,1,This section IS ON the NHS,0,No Special Jurisdiction,38,38,42.39313889,42.39313889,-83.19944444,-83.19944444,8,Pedestrian,0,The First Harmful Event was Not a Collision with a Motor Vehicle in Transport,0,No,1,Non-Junction,1,Not an Intersection,1,On Roadway,0,None,3,Dark - Lighted,10,Cloudy,0,No,0000000,Not Applicable,99,Unknown,99,Unknown,99,Unknown EMS Scene Arrival Hour,99,Unknown EMS Scene Arrival Minutes,99,Unknown,99,Unknown EMS Hospital Arrival Time,1
26,Michigan,260520,0,0,2,2,0,3,3,147,ST. CLAIR (147),0,NOT APPLICABLE,7,July,26,26,3,Tuesday,2022,13,1:00pm-1:59pm,30,30,CR-CAPAC RD,DONAD,4,County Road,1,Rural,5,Major Collector,2,County Highway Agency,0,This section IS NOT on the NHS,0,No Special Jurisdiction,79,79,42.99805833,42.99805833,-82.92817778,-82.92817778,12,Motor Vehicle In-Transport,6,Angle,0,No,2,Intersection,2,Four-Way Intersection,1,On Roadway,0,None,1,Daylight,1,Clear,0,No,0000000,Not Applicable,13,1:00pm-1:59pm,32,32,13,1:00pm-1:59pm,37,37,99,Unknown,99,Unknown EMS Hospital Arrival Time,1
26,Michigan,260521,0,0,1,1,0,1,1,135,OSCODA (135),0,NOT APPLICABLE,7,July,29,29,6,Friday,2022,18,6:00pm-6:59pm,30,30,CR-ABBE RD,NA,4,County Road,1,Rural,5,Major Collector,2,County Highway Agency,0,This section IS NOT on the NHS,0,No Special Jurisdiction,11,11,44.6738,44.6738,-84.04907222,-84.04907222,1,Rollover/Overturn,0,The First Harmful Event was Not a Collision with a Motor Vehicle in Transport,0,No,1,Non-Junction,1,Not an Intersection,1,On Roadway,0,None,1,Daylight,1,Clear,0,No,0000000,Not Applicable,18,6:00pm-6:59pm,39,39,18,6:00pm-6:59pm,49,49,88,Not Applicable (Not Transported),88,Not Applicable (Not Transported),1
26,Michigan,260522,0,0,2,2,0,3,3,49,GENESEE (49),0,NOT APPLICABLE,7,July,16,16,7,Saturday,2022,21,9:00pm-9:59pm,4,4,SR-54 S DORT HWY,STRONG HTS,3,State Highway,2,Urban,3,Principal Arterial - Other,1,State Highway Agency,1,This section IS ON the NHS,0,No Special Jurisdiction,32,32,42.94905833,42.94905833,-83.65270833,-83.65270833,12,Motor Vehicle In-Transport,2,Front-to-Front,0,No,2,Intersection,2,Four-Way Intersection,1,On Roadway,0,None,1,Daylight,1,Clear,0,No,0000000,Not Applicable,21,9:00pm-9:59pm,4,4,21,9:00pm-9:59pm,9,9,88,Not Applicable (Not Transported),88,Not Applicable (Not Transported),1
26,Michigan,260523,0,0,1,1,0,1,1,163,WAYNE (163),1260,DETROIT,7,July,30,30,7,Saturday,2022,0,0:00am-0:59am,4,4,ALLENDALE ST,NA,6,Local Street - Municipality,2,Urban,7,Local,4,City or Municipal Highway Agency,0,This section IS NOT on the NHS,0,No Special Jurisdiction,3,3,42.354975,42.354975,-83.12300556,-83.12300556,19,Building,0,The First Harmful Event was Not a Collision with a Motor Vehicle in Transport,0,No,1,Non-Junction,1,Not an Intersection,5,Outside Trafficway,0,None,2,Dark - Not Lighted,1,Clear,0,No,0000000,Not Applicable,99,Unknown,99,Unknown,99,Unknown EMS Scene Arrival Hour,99,Unknown EMS Scene Arrival Minutes,99,Unknown,99,Unknown EMS Hospital Arrival Time,1
26,Michigan,260524,0,0,2,2,0,4,4,163,WAYNE (163),90,ALLEN PARK,7,July,20,20,4,Wednesday,2022,20,8:00pm-8:59pm,30,30,SR-39 SOUTHFIELD FWY,NA,3,State Highway,2,Urban,2,Principal Arterial - Other Freeways and Expressways,1,State Highway Agency,1,This section IS ON the NHS,0,No Special Jurisdiction,32,32,42.27210833,42.27210833,-83.22069722,-83.22069722,12,Motor Vehicle In-Transport,1,Front-to-Rear,0,No,1,Non-Junction,1,Not an Intersection,1,On Roadway,0,None,1,Daylight,1,Clear,0,No,0000000,Not Applicable,99,Unknown,99,Unknown,99,Unknown EMS Scene Arrival Hour,99,Unknown EMS Scene Arrival Minutes,99,Unknown,99,Unknown EMS Hospital Arrival Time,1
26,Michigan,260525,1,1,1,1,0,1,1,49,GENESEE (49),0,NOT APPLICABLE,7,July,30,30,7,Saturday,2022,22,10:00pm-10:59pm,44,44,CR-TORREY RD,NA,4,County Road,2,Urban,4,Minor Arterial,2,County Highway Agency,0,This section IS NOT on the NHS,0,No Special Jurisdiction,104,104,42.95293889,42.95293889,-83.73214722,-83.73214722,8,Pedestrian,0,The First Harmful Event was Not a Collision with a Motor Vehicle in Transport,0,No,1,Non-Junction,1,Not an Intersection,1,On Roadway,0,None,3,Dark - Lighted,1,Clear,0,No,0000000,Not Applicable,22,10:00pm-10:59pm,44,44,22,10:00pm-10:59pm,46,46,88,Not Applicable (Not Transported),88,Not Applicable (Not Transported),1
26,Michigan,260526,0,0,2,2,0,2,2,93,LIVINGSTON (93),0,NOT APPLICABLE,7,July,21,21,5,Thursday,2022,18,6:00pm-6:59pm,25,25,US-23,NA,2,US Highway,2,Urban,2,Principal Arterial - Other Freeways and Expressways,1,State Highway Agency,1,This section IS ON the NHS,0,No Special Jurisdiction,11,11,42.4414,42.4414,-83.75490556,-83.75490556,12,Motor Vehicle In-Transport,9,Rear-to-Side,0,No,1,Non-Junction,1,Not an Intersection,1,On Roadway,0,None,1,Daylight,1,Clear,0,No,0000000,Not Applicable,18,6:00pm-6:59pm,1,1,18,6:00pm-6:59pm,1,1,99,Unknown,99,Unknown EMS Hospital Arrival Time,1
26,Michigan,260527,0,0,1,1,0,1,1,147,ST. CLAIR (147),0,NOT APPLICABLE,7,July,24,24,1,Sunday,2022,2,2:00am-2:59am,38,38,CR-BURCH RD,NA,4,County Road,1,Rural,5,Major Collector,4,City or Municipal Highway Agency,0,This section IS NOT on the NHS,0,No Special Jurisdiction,35,35,43.11341389,43.11341389,-82.534875,-82.534875,42,Tree (Standing Only),0,The First Harmful Event was Not a Collision with a Motor Vehicle in Transport,0,No,1,Non-Junction,1,Not an Intersection,4,On Roadside,0,None,2,Dark - Not Lighted,1,Clear,0,No,0000000,Not Applicable,2,2:00am-2:59am,43,43,2,2:00am-2:59am,52,52,88,Not Applicable (Not Transported),88,Not Applicable (Not Transported),1
26,Michigan,260528,0,0,1,1,0,1,1,5,ALLEGAN (5),0,NOT APPLICABLE,7,July,24,24,1,Sunday,2022,0,0:00am-0:59am,0,0,CR-134TH AVE,32ND ST,4,County Road,1,Rural,7,Local,2,County Highway Agency,0,This section IS NOT on the NHS,0,No Special Jurisdiction,0,None,42.66741667,42.66741667,-85.85977222,-85.85977222,34,Ditch,0,The First Harmful Event was Not a Collision with a Motor Vehicle in Transport,0,No,3,Intersection-Related,3,T-Intersection,4,On Roadside,0,None,9,Reported as Unknown,99,Reported as Unknown,0,No,0000000,Not Applicable,99,Unknown,99,Unknown,99,Unknown EMS Scene Arrival Hour,99,Unknown EMS Scene Arrival Minutes,88,Not Applicable (Not Transported),88,Not Applicable (Not Transported),1
26,Michigan,260529,1,1,1,1,0,1,1,163,WAYNE (163),738,CANTON TOWNSHIP,4,April,23,23,7,Saturday,2022,2,2:00am-2:59am,37,37,US-12 MICHIGAN AVE,NA,2,US Highway,2,Urban,3,Principal Arterial - Other,1,State Highway Agency,1,This section IS ON the NHS,0,No Special Jurisdiction,61,61,42.27991667,42.27991667,-83.43411944,-83.43411944,9,Pedalcyclist,0,The First Harmful Event was Not a Collision with a Motor Vehicle in Transport,0,No,1,Non-Junction,1,Not an Intersection,1,On Roadway,0,None,3,Dark - Lighted,2,Rain,0,No,0000000,Not Applicable,2,2:00am-2:59am,38,38,2,2:00am-2:59am,47,47,88,Not Applicable (Not Transported),88,Not Applicable (Not Transported),1
26,Michigan,260530,0,0,2,2,0,4,4,23,BRANCH (23),0,NOT APPLICABLE,6,June,18,18,7,Saturday,2022,15,3:00pm-3:59pm,8,8,CR-MARSHALL RD,NA,4,County Road,1,Rural,4,Minor Arterial,2,County Highway Agency,0,This section IS NOT on the NHS,0,No Special Jurisdiction,41,41,42.00028056,42.00028056,-85.00073889,-85.00073889,12,Motor Vehicle In-Transport,2,Front-to-Front,0,No,1,Non-Junction,1,Not an Intersection,1,On Roadway,0,None,1,Daylight,10,Cloudy,0,No,0000000,Not Applicable,15,3:00pm-3:59pm,8,8,15,3:00pm-3:59pm,24,24,99,Unknown,99,Unknown EMS Hospital Arrival Time,4
26,Michigan,260531,0,0,2,2,0,2,2,81,KENT (81),0,NOT APPLICABLE,6,June,29,29,4,Wednesday,2022,20,8:00pm-8:59pm,37,37,CR-KALAMAZOO AVE,NA,4,County Road,2,Urban,4,Minor Arterial,2,County Highway Agency,0,This section IS NOT on the NHS,0,No Special Jurisdiction,46,46,42.83256389,42.83256389,-85.62464444,-85.62464444,12,Motor Vehicle In-Transport,2,Front-to-Front,0,No,1,Non-Junction,1,Not an Intersection,1,On Roadway,0,None,1,Daylight,1,Clear,0,No,0000000,Not Applicable,99,Unknown,99,Unknown,99,Unknown EMS Scene Arrival Hour,99,Unknown EMS Scene Arrival Minutes,99,Unknown,99,Unknown EMS Hospital Arrival Time,1
26,Michigan,260532,0,0,2,2,0,3,3,57,GRATIOT (57),0,NOT APPLICABLE,6,June,24,24,6,Friday,2022,20,8:00pm-8:59pm,25,25,SR-46 MONROE RD,W ALGER RD,3,State Highway,2,Urban,3,Principal Arterial - Other,1,State Highway Agency,1,This section IS ON the NHS,0,No Special Jurisdiction,90,90,43.40801389,43.40801389,-84.666725,-84.666725,12,Motor Vehicle In-Transport,6,Angle,0,No,2,Intersection,2,Four-Way Intersection,1,On Roadway,0,None,1,Daylight,1,Clear,0,No,0000000,Not Applicable,99,Unknown,99,Unknown,99,Unknown EMS Scene Arrival Hour,99,Unknown EMS Scene Arrival Minutes,99,Unknown,99,Unknown EMS Hospital Arrival Time,1
26,Michigan,260533,0,0,1,1,0,1,1,31,CHEBOYGAN (31),0,NOT APPLICABLE,7,July,31,31,1,Sunday,2022,16,4:00pm-4:59pm,35,35,CR-LANCE LAKE RD,NA,4,County Road,1,Rural,7,Local,2,County Highway Agency,0,This section IS NOT on the NHS,0,No Special Jurisdiction,13,13,45.22901944,45.22901944,-84.56672222,-84.56672222,1,Rollover/Overturn,0,The First Harmful Event was Not a Collision with a Motor Vehicle in Transport,0,No,1,Non-Junction,1,Not an Intersection,4,On Roadside,0,None,1,Daylight,1,Clear,0,No,0000000,Not Applicable,16,4:00pm-4:59pm,35,35,16,4:00pm-4:59pm,50,50,99,Unknown,99,Unknown EMS Hospital Arrival Time,1
26,Michigan,260534,0,0,1,1,0,1,1,77,KALAMAZOO (77),0,NOT APPLICABLE,7,July,4,4,2,Monday,2022,23,11:00pm-11:59pm,43,43,SR-43 W MAIN ST,NA,3,State Highway,2,Urban,3,Principal Arterial - Other,3,Town or Township Highway Agency,1,This section IS ON the NHS,0,No Special Jurisdiction,76,76,42.29479444,42.29479444,-85.61758056,-85.61758056,33,Curb,0,The First Harmful Event was Not a Collision with a Motor Vehicle in Transport,0,No,1,Non-Junction,1,Not an Intersection,4,On Roadside,0,None,2,Dark - Not Lighted,2,Rain,0,No,0000000,Not Applicable,99,Unknown,99,Unknown,99,Unknown EMS Scene Arrival Hour,99,Unknown EMS Scene Arrival Minutes,88,Not Applicable (Not Transported),88,Not Applicable (Not Transported),1
26,Michigan,260535,0,0,2,2,0,2,2,81,KENT (81),2553,KENTWOOD,6,June,12,12,1,Sunday,2022,9,9:00am-9:59am,0,0,SHAFFER AVE SE,PFIEFFER WOODS DR SE,6,Local Street - Municipality,2,Urban,4,Minor Arterial,4,City or Municipal Highway Agency,0,This section IS NOT on the NHS,0,No Special Jurisdiction,6,6,42.89270278,42.89270278,-85.58723056,-85.58723056,12,Motor Vehicle In-Transport,6,Angle,0,No,2,Intersection,3,T-Intersection,1,On Roadway,0,None,1,Daylight,1,Clear,0,No,0000000,Not Applicable,99,Unknown,99,Unknown,99,Unknown EMS Scene Arrival Hour,99,Unknown EMS Scene Arrival Minutes,88,Not Applicable (Not Transported),88,Not Applicable (Not Transported),1
26,Michigan,260536,0,0,1,1,0,1,1,115,MONROE (115),0,NOT APPLICABLE,8,August,3,3,4,Wednesday,2022,1,1:00am-1:59am,48,48,CR-S COUNTY LINE HWY,NA,4,County Road,1,Rural,7,Local,2,County Highway Agency,0,This section IS NOT on the NHS,0,No Special Jurisdiction,27,27,41.76288611,41.76288611,-83.76467222,-83.76467222,34,Ditch,0,The First Harmful Event was Not a Collision with a Motor Vehicle in Transport,0,No,1,Non-Junction,1,Not an Intersection,4,On Roadside,0,None,2,Dark - Not Lighted,1,Clear,0,No,0000000,Not Applicable,1,1:00am-1:59am,55,55,2,2:00am-2:59am,7,7,99,Unknown,99,Unknown EMS Hospital Arrival Time,1
26,Michigan,260537,0,0,1,1,0,1,1,125,OAKLAND (125),0,NOT APPLICABLE,6,June,21,21,3,Tuesday,2022,22,10:00pm-10:59pm,13,13,CR-DIXIE HWY,NA,4,County Road,2,Urban,4,Minor Arterial,2,County Highway Agency,0,This section IS NOT on the NHS,0,No Special Jurisdiction,63,63,42.80675833,42.80675833,-83.53571944,-83.53571944,30,Utility Pole/Light Support,0,The First Harmful Event was Not a Collision with a Motor Vehicle in Transport,0,No,1,Non-Junction,1,Not an Intersection,4,On Roadside,0,None,2,Dark - Not Lighted,1,Clear,0,No,0000000,Not Applicable,99,Unknown,98,Unknown if Notified,99,Unknown EMS Scene Arrival Hour,98,Unknown if Arrived,88,Not Applicable (Not Transported),88,Not Applicable (Not Transported),1
26,Michigan,260538,0,0,1,1,0,1,1,27,CASS (27),0,NOT APPLICABLE,8,August,3,3,4,Wednesday,2022,16,4:00pm-4:59pm,29,29,CR-PEAVINE ST,NA,4,County Road,1,Rural,7,Local,2,County Highway Agency,0,This section IS NOT on the NHS,0,No Special Jurisdiction,28,28,41.95606389,41.95606389,-86.15962778,-86.15962778,16,Thrown or Falling Object,0,The First Harmful Event was Not a Collision with a Motor Vehicle in Transport,0,No,1,Non-Junction,1,Not an Intersection,1,On Roadway,0,None,1,Daylight,2,Rain,0,No,0000000,Not Applicable,99,Unknown,99,Unknown,99,Unknown EMS Scene Arrival Hour,99,Unknown EMS Scene Arrival Minutes,88,Not Applicable (Not Transported),88,Not Applicable (Not Transported),1
26,Michigan,260539,0,0,1,1,0,1,1,153,SCHOOLCRAFT (153),0,NOT APPLICABLE,7,July,12,12,3,Tuesday,2022,14,2:00pm-2:59pm,0,0,CR-437,NA,4,County Road,1,Rural,5,Major Collector,2,County Highway Agency,0,This section IS NOT on the NHS,0,No Special Jurisdiction,133,133,46.10058333,46.10058333,-86.45859167,-86.45859167,42,Tree (Standing Only),0,The First Harmful Event was Not a Collision with a Motor Vehicle in Transport,0,No,1,Non-Junction,1,Not an Intersection,4,On Roadside,0,None,1,Daylight,1,Clear,0,No,0000000,Not Applicable,99,Unknown,99,Unknown,99,Unknown EMS Scene Arrival Hour,99,Unknown EMS Scene Arrival Minutes,88,Not Applicable (Not Transported),88,Not Applicable (Not Transported),1
26,Michigan,260540,0,0,2,2,0,4,4,163,WAYNE (163),1260,DETROIT,7,July,1,1,6,Friday,2022,21,9:00pm-9:59pm,50,50,CR-7 MILE RD,BROCK ST,4,County Road,2,Urban,3,Principal Arterial - Other,2,County Highway Agency,1,This section IS ON the NHS,0,No Special Jurisdiction,240,240,42.43549722,42.43549722,-82.96306389,-82.96306389,12,Motor Vehicle In-Transport,6,Angle,0,No,2,Intersection,2,Four-Way Intersection,1,On Roadway,0,None,3,Dark - Lighted,1,Clear,0,No,0000000,Not Applicable,99,Unknown,99,Unknown,99,Unknown EMS Scene Arrival Hour,99,Unknown EMS Scene Arrival Minutes,88,Not Applicable (Not Transported),88,Not Applicable (Not Transported),1
26,Michigan,260541,1,1,1,1,0,1,1,99,MACOMB (99),5110,WARREN,7,July,12,12,3,Tuesday,2022,5,5:00am-5:59am,2,2,13 MILE RD,NA,6,Local Street - Municipality,2,Urban,3,Principal Arterial - Other,4,City or Municipal Highway Agency,1,This section IS ON the NHS,0,No Special Jurisdiction,17,17,42.52064167,42.52064167,-83.05139444,-83.05139444,9,Pedalcyclist,0,The First Harmful Event was Not a Collision with a Motor Vehicle in Transport,0,No,1,Non-Junction,1,Not an Intersection,1,On Roadway,0,None,3,Dark - Lighted,1,Clear,0,No,0000000,Not Applicable,99,Unknown,99,Unknown,99,Unknown EMS Scene Arrival Hour,99,Unknown EMS Scene Arrival Minutes,88,Not Applicable (Not Transported),88,Not Applicable (Not Transported),1
26,Michigan,260542,0,0,1,1,0,1,1,135,OSCODA (135),0,NOT APPLICABLE,8,August,5,5,6,Friday,2022,18,6:00pm-6:59pm,35,35,SR-72,NA,3,State Highway,1,Rural,4,Minor Arterial,1,State Highway Agency,0,This section IS NOT on the NHS,0,No Special Jurisdiction,78,78,44.64473056,44.64473056,-84.23572778,-84.23572778,1,Rollover/Overturn,0,The First Harmful Event was Not a Collision with a Motor Vehicle in Transport,0,No,1,Non-Junction,1,Not an Intersection,1,On Roadway,0,None,1,Daylight,1,Clear,0,No,0000000,Not Applicable,18,6:00pm-6:59pm,35,35,18,6:00pm-6:59pm,58,58,88,Not Applicable (Not Transported),88,Not Applicable (Not Transported),1
26,Michigan,260543,0,0,1,1,0,3,3,65,INGHAM (65),2700,LANSING,8,August,4,4,5,Thursday,2022,21,9:00pm-9:59pm,25,25,SR-I-96 BL,NA,3,State Highway,2,Urban,1,Interstate,1,State Highway Agency,1,This section IS ON the NHS,0,No Special Jurisdiction,5,5,42.66500833,42.66500833,-84.53431944,-84.53431944,1,Rollover/Overturn,0,The First Harmful Event was Not a Collision with a Motor Vehicle in Transport,0,No,1,Non-Junction,1,Not an Intersection,3,On Median,0,None,3,Dark - Lighted,1,Clear,0,No,0000000,Not Applicable,21,9:00pm-9:59pm,29,29,99,Unknown EMS Scene Arrival Hour,99,Unknown EMS Scene Arrival Minutes,99,Unknown,99,Unknown EMS Hospital Arrival Time,1
26,Michigan,260544,0,0,3,3,0,10,10,81,KENT (81),785,CASCADE,8,August,5,5,6,Friday,2022,16,4:00pm-4:59pm,40,40,I-96,NA,1,Interstate,2,Urban,1,Interstate,1,State Highway Agency,1,This section IS ON the NHS,0,No Special Jurisdiction,180,180,42.91326111,42.91326111,-85.53706667,-85.53706667,12,Motor Vehicle In-Transport,1,Front-to-Rear,0,No,1,Non-Junction,1,Not an Intersection,1,On Roadway,0,None,1,Daylight,1,Clear,0,No,0000000,Not Applicable,99,Unknown,99,Unknown,99,Unknown EMS Scene Arrival Hour,99,Unknown EMS Scene Arrival Minutes,99,Unknown,99,Unknown EMS Hospital Arrival Time,1
26,Michigan,260545,0,0,1,1,0,1,1,5,ALLEGAN (5),0,NOT APPLICABLE,8,August,6,6,7,Saturday,2022,17,5:00pm-5:59pm,12,12,CR-6TH ST,NA,4,County Road,1,Rural,7,Local,2,County Highway Agency,0,This section IS NOT on the NHS,0,No Special Jurisdiction,9,9,42.52119167,42.52119167,-85.60228611,-85.60228611,42,Tree (Standing Only),0,The First Harmful Event was Not a Collision with a Motor Vehicle in Transport,0,No,1,Non-Junction,1,Not an Intersection,4,On Roadside,0,None,1,Daylight,1,Clear,0,No,0000000,Not Applicable,99,Unknown,99,Unknown,99,Unknown EMS Scene Arrival Hour,99,Unknown EMS Scene Arrival Minutes,88,Not Applicable (Not Transported),88,Not Applicable (Not Transported),1
26,Michigan,260546,0,0,2,2,0,2,2,49,GENESEE (49),686,BURTON,7,July,19,19,3,Tuesday,2022,12,12:00pm-12:59pm,55,55,BRISTOL RD,COLUMBINE AVE,6,Local Street - Municipality,2,Urban,3,Principal Arterial - Other,4,City or Municipal Highway Agency,1,This section IS ON the NHS,0,No Special Jurisdiction,33,33,42.97448889,42.97448889,-83.66604722,-83.66604722,12,Motor Vehicle In-Transport,6,Angle,0,No,2,Intersection,2,Four-Way Intersection,1,On Roadway,0,None,1,Daylight,1,Clear,0,No,0000000,Not Applicable,12,12:00pm-12:59pm,57,57,13,1:00pm-1:59pm,1,1,88,Not Applicable (Not Transported),88,Not Applicable (Not Transported),1
26,Michigan,260547,0,0,1,1,0,4,4,147,ST. CLAIR (147),0,NOT APPLICABLE,8,August,7,7,1,Sunday,2022,4,4:00am-4:59am,17,17,CR-BEARD RD,NA,4,County Road,1,Rural,7,Local,2,County Highway Agency,0,This section IS NOT on the NHS,0,No Special Jurisdiction,48,48,43.04908889,43.04908889,-82.66916944,-82.66916944,1,Rollover/Overturn,0,The First Harmful Event was Not a Collision with a Motor Vehicle in Transport,0,No,1,Non-Junction,1,Not an Intersection,4,On Roadside,0,None,2,Dark - Not Lighted,1,Clear,0,No,0000000,Not Applicable,4,4:00am-4:59am,24,24,4,4:00am-4:59am,34,34,99,Unknown,99,Unknown EMS Hospital Arrival Time,1
26,Michigan,260548,0,0,2,2,0,2,2,65,INGHAM (65),0,NOT APPLICABLE,7,July,22,22,6,Friday,2022,17,5:00pm-5:59pm,22,22,CR-HASLETT RD,MARSH RD,4,County Road,2,Urban,4,Minor Arterial,2,County Highway Agency,0,This section IS NOT on the NHS,0,No Special Jurisdiction,29,29,42.74730833,42.74730833,-84.40847778,-84.40847778,12,Motor Vehicle In-Transport,6,Angle,0,No,2,Intersection,2,Four-Way Intersection,1,On Roadway,0,None,1,Daylight,1,Clear,0,No,0000000,Not Applicable,99,Unknown,99,Unknown,99,Unknown EMS Scene Arrival Hour,99,Unknown EMS Scene Arrival Minutes,99,Unknown,99,Unknown EMS Hospital Arrival Time,1
26,Michigan,260549,0,0,1,1,0,1,1,139,OTTAWA (139),0,NOT APPLICABLE,8,August,8,8,2,Monday,2022,14,2:00pm-2:59pm,5,5,CR-BAUER RD,NA,4,County Road,2,Urban,5,Major Collector,2,County Highway Agency,0,This section IS NOT on the NHS,0,No Special Jurisdiction,41,41,42.9218,42.9218,-85.88118056,-85.88118056,53,Mail Box,0,The First Harmful Event was Not a Collision with a Motor Vehicle in Transport,0,No,1,Non-Junction,1,Not an Intersection,4,On Roadside,0,None,1,Daylight,10,Cloudy,0,No,0000000,Not Applicable,14,2:00pm-2:59pm,6,6,14,2:00pm-2:59pm,9,9,88,Not Applicable (Not Transported),88,Not Applicable (Not Transported),1
26,Michigan,260550,2,2,1,1,0,1,1,117,MONTCALM (117),2060,GREENVILLE,7,July,29,29,6,Friday,2022,22,10:00pm-10:59pm,37,37,CASS ST,NA,6,Local Street - Municipality,2,Urban,7,Local,4,City or Municipal Highway Agency,0,This section IS NOT on the NHS,0,No Special Jurisdiction,5,5,43.17854167,43.17854167,-85.25981944,-85.25981944,8,Pedestrian,0,The First Harmful Event was Not a Collision with a Motor Vehicle in Transport,0,No,1,Non-Junction,1,Not an Intersection,1,On Roadway,0,None,3,Dark - Lighted,1,Clear,0,No,0000000,Not Applicable,22,10:00pm-10:59pm,37,37,22,10:00pm-10:59pm,45,45,99,Unknown,99,Unknown EMS Hospital Arrival Time,2
26,Michigan,260551,0,0,1,1,0,1,1,47,EMMET (47),0,NOT APPLICABLE,8,August,12,12,6,Friday,2022,7,7:00am-7:59am,37,37,CR-RIVER RD,NA,4,County Road,2,Urban,4,Minor Arterial,2,County Highway Agency,0,This section IS NOT on the NHS,0,No Special Jurisdiction,49,49,45.35301389,45.35301389,-84.95480278,-84.95480278,42,Tree (Standing Only),0,The First Harmful Event was Not a Collision with a Motor Vehicle in Transport,0,No,1,Non-Junction,1,Not an Intersection,4,On Roadside,0,None,1,Daylight,1,Clear,0,No,0000000,Not Applicable,7,7:00am-7:59am,37,37,7,7:00am-7:59am,44,44,99,Unknown,99,Unknown EMS Hospital Arrival Time,1
26,Michigan,260552,1,1,1,1,0,1,1,81,KENT (81),5319,WYOMING,8,August,13,13,7,Saturday,2022,21,9:00pm-9:59pm,29,29,SR-11 28TH ST SW,DIVISION AVE,3,State Highway,2,Urban,3,Principal Arterial - Other,1,State Highway Agency,1,This section IS ON the NHS,0,No Special Jurisdiction,118,118,42.91300833,42.91300833,-85.6662,-85.6662,8,Pedestrian,0,The First Harmful Event was Not a Collision with a Motor Vehicle in Transport,0,No,3,Intersection-Related,2,Four-Way Intersection,1,On Roadway,0,None,3,Dark - Lighted,2,Rain,0,No,0000000,Not Applicable,21,9:00pm-9:59pm,29,29,21,9:00pm-9:59pm,35,35,88,Not Applicable (Not Transported),88,Not Applicable (Not Transported),1
26,Michigan,260553,0,0,1,1,0,1,1,97,MACKINAC (97),0,NOT APPLICABLE,8,August,14,14,1,Sunday,2022,10,10:00am-10:59am,28,28,CR-SWEDE RD,NA,4,County Road,1,Rural,5,Major Collector,2,County Highway Agency,0,This section IS NOT on the NHS,0,No Special Jurisdiction,63,63,46.06228056,46.06228056,-84.25983611,-84.25983611,42,Tree (Standing Only),0,The First Harmful Event was Not a Collision with a Motor Vehicle in Transport,0,No,1,Non-Junction,1,Not an Intersection,4,On Roadside,0,None,1,Daylight,1,Clear,0,No,0000000,Not Applicable,10,10:00am-10:59am,34,34,10,10:00am-10:59am,47,47,99,Unknown,99,Unknown EMS Hospital Arrival Time,1
26,Michigan,260554,1,1,1,1,0,1,1,21,BERRIEN (21),0,NOT APPLICABLE,7,July,29,29,6,Friday,2022,22,10:00pm-10:59pm,15,15,CR-CHICAGO AVE,NA,4,County Road,2,Urban,7,Local,2,County Highway Agency,0,This section IS NOT on the NHS,0,No Special Jurisdiction,2,2,42.11971944,42.11971944,-86.43133056,-86.43133056,8,Pedestrian,0,The First Harmful Event was Not a Collision with a Motor Vehicle in Transport,0,No,1,Non-Junction,1,Not an Intersection,2,On Shoulder,0,None,2,Dark - Not Lighted,1,Clear,0,No,0000000,Not Applicable,22,10:00pm-10:59pm,17,17,22,10:00pm-10:59pm,21,21,99,Unknown,99,Unknown EMS Hospital Arrival Time,1
26,Michigan,260555,0,0,2,2,0,3,3,75,JACKSON (75),0,NOT APPLICABLE,8,August,12,12,6,Friday,2022,16,4:00pm-4:59pm,44,44,CR-N DETTMAN RD,NA,4,County Road,2,Urban,5,Major Collector,2,County Highway Agency,0,This section IS NOT on the NHS,0,No Special Jurisdiction,26,26,42.27366111,42.27366111,-84.36491667,-84.36491667,12,Motor Vehicle In-Transport,6,Angle,0,No,8,Driveway Access Related,1,Not an Intersection,1,On Roadway,0,None,1,Daylight,1,Clear,0,No,0000000,Not Applicable,16,4:00pm-4:59pm,46,46,16,4:00pm-4:59pm,50,50,88,Not Applicable (Not Transported),88,Not Applicable (Not Transported),1
26,Michigan,260556,0,0,1,1,0,3,3,67,IONIA (67),0,NOT APPLICABLE,7,July,21,21,5,Thursday,2022,9,9:00am-9:59am,9,9,CR-HAYNOR RD,NA,4,County Road,1,Rural,6,Minor Collector,2,County Highway Agency,0,This section IS NOT on the NHS,0,No Special Jurisdiction,26,26,43.01629167,43.01629167,-85.10389444,-85.10389444,1,Rollover/Overturn,0,The First Harmful Event was Not a Collision with a Motor Vehicle in Transport,0,No,1,Non-Junction,1,Not an Intersection,4,On Roadside,0,None,1,Daylight,1,Clear,0,No,0000000,Not Applicable,99,Unknown,99,Unknown,99,Unknown EMS Scene Arrival Hour,99,Unknown EMS Scene Arrival Minutes,99,Unknown,99,Unknown EMS Hospital Arrival Time,1
26,Michigan,260557,0,0,5,5,0,6,6,151,SANILAC (151),0,NOT APPLICABLE,8,August,6,6,7,Saturday,2022,13,1:00pm-1:59pm,20,20,SR-25 N LAKESHORE RD,NA,3,State Highway,1,Rural,4,Minor Arterial,1,State Highway Agency,0,This section IS NOT on the NHS,0,No Special Jurisdiction,280,280,43.561075,43.561075,-82.59048611,-82.59048611,12,Motor Vehicle In-Transport,8,Sideswipe - Opposite Direction,0,No,1,Non-Junction,1,Not an Intersection,1,On Roadway,0,None,1,Daylight,1,Clear,0,No,0000000,Not Applicable,13,1:00pm-1:59pm,25,25,13,1:00pm-1:59pm,36,36,99,Unknown,99,Unknown EMS Hospital Arrival Time,2
26,Michigan,260558,0,0,2,2,0,8,8,159,VAN BUREN (159),2544,KEELER,8,August,12,12,6,Friday,2022,21,9:00pm-9:59pm,45,45,CR-90TH AVE,NA,4,County Road,1,Rural,7,Local,2,County Highway Agency,0,This section IS NOT on the NHS,0,No Special Jurisdiction,4,4,42.09305278,42.09305278,-86.19604167,-86.19604167,12,Motor Vehicle In-Transport,2,Front-to-Front,0,No,1,Non-Junction,1,Not an Intersection,1,On Roadway,0,None,2,Dark - Not Lighted,1,Clear,0,No,0000000,Not Applicable,99,Unknown,99,Unknown,99,Unknown EMS Scene Arrival Hour,99,Unknown EMS Scene Arrival Minutes,99,Unknown,99,Unknown EMS Hospital Arrival Time,1
26,Michigan,260559,1,1,1,1,0,1,1,81,KENT (81),5319,WYOMING,7,July,22,22,6,Friday,2022,14,2:00pm-2:59pm,25,25,DIVISION AVE,NA,6,Local Street - Municipality,2,Urban,3,Principal Arterial - Other,4,City or Municipal Highway Agency,1,This section IS ON the NHS,0,No Special Jurisdiction,96,96,42.89976944,42.89976944,-85.66543333,-85.66543333,9,Pedalcyclist,0,The First Harmful Event was Not a Collision with a Motor Vehicle in Transport,0,No,1,Non-Junction,1,Not an Intersection,1,On Roadway,0,None,1,Daylight,1,Clear,0,No,0000000,Not Applicable,14,2:00pm-2:59pm,25,25,14,2:00pm-2:59pm,29,29,88,Not Applicable (Not Transported),88,Not Applicable (Not Transported),1
26,Michigan,260560,0,0,2,2,0,3,3,163,WAYNE (163),1260,DETROIT,7,July,31,31,1,Sunday,2022,12,12:00pm-12:59pm,35,35,SR-3 GRATIOT AVE,NA,3,State Highway,2,Urban,3,Principal Arterial - Other,1,State Highway Agency,1,This section IS ON the NHS,0,No Special Jurisdiction,85,85,42.43941944,42.43941944,-82.97473333,-82.97473333,12,Motor Vehicle In-Transport,6,Angle,0,No,8,Driveway Access Related,1,Not an Intersection,1,On Roadway,0,None,1,Daylight,1,Clear,0,No,0000000,Not Applicable,99,Unknown,99,Unknown,99,Unknown EMS Scene Arrival Hour,99,Unknown EMS Scene Arrival Minutes,99,Unknown,99,Unknown EMS Hospital Arrival Time,1
26,Michigan,260561,0,0,2,2,0,2,2,159,VAN BUREN (159),0,NOT APPLICABLE,8,August,17,17,4,Wednesday,2022,8,8:00am-8:59am,30,30,SR-43,CR-665,3,State Highway,1,Rural,4,Minor Arterial,1,State Highway Agency,0,This section IS NOT on the NHS,0,No Special Jurisdiction,186,186,42.30266389,42.30266389,-85.95642778,-85.95642778,12,Motor Vehicle In-Transport,6,Angle,0,No,2,Intersection,2,Four-Way Intersection,1,On Roadway,0,None,1,Daylight,1,Clear,0,No,0000000,Not Applicable,8,8:00am-8:59am,30,30,8,8:00am-8:59am,45,45,88,Not Applicable (Not Transported),88,Not Applicable (Not Transported),1
26,Michigan,260562,0,0,1,1,0,1,1,147,ST. CLAIR (147),0,NOT APPLICABLE,8,August,13,13,7,Saturday,2022,0,0:00am-0:59am,30,30,CR-HESSEN,NA,4,County Road,1,Rural,7,Local,2,County Highway Agency,0,This section IS NOT on the NHS,0,No Special Jurisdiction,4,4,42.80489167,42.80489167,-82.65435833,-82.65435833,34,Ditch,0,The First Harmful Event was Not a Collision with a Motor Vehicle in Transport,0,No,1,Non-Junction,1,Not an Intersection,4,On Roadside,0,None,2,Dark - Not Lighted,1,Clear,0,No,0000000,Not Applicable,6,6:00am-6:59am,48,48,6,6:00am-6:59am,59,59,88,Not Applicable (Not Transported),88,Not Applicable (Not Transported),1
26,Michigan,260563,0,0,1,1,0,1,1,69,IOSCO (69),0,NOT APPLICABLE,7,July,23,23,7,Saturday,2022,21,9:00pm-9:59pm,1,1,SR-55,NA,3,State Highway,1,Rural,4,Minor Arterial,1,State Highway Agency,0,This section IS NOT on the NHS,0,No Special Jurisdiction,0,None,44.27673056,44.27673056,-83.88207778,-83.88207778,11,Live Animal,0,The First Harmful Event was Not a Collision with a Motor Vehicle in Transport,0,No,1,Non-Junction,1,Not an Intersection,1,On Roadway,0,None,5,Dusk,1,Clear,0,No,0000000,Not Applicable,21,9:00pm-9:59pm,1,1,21,9:00pm-9:59pm,15,15,99,Unknown,99,Unknown EMS Hospital Arrival Time,1
26,Michigan,260564,0,0,1,1,0,1,1,105,MASON (105),0,NOT APPLICABLE,7,July,8,8,6,Friday,2022,14,2:00pm-2:59pm,24,24,CR-KISTLER RD,NA,4,County Road,1,Rural,7,Local,2,County Highway Agency,0,This section IS NOT on the NHS,0,No Special Jurisdiction,8,8,43.88448889,43.88448889,-86.39606667,-86.39606667,5,Fell/Jumped from Vehicle,0,The First Harmful Event was Not a Collision with a Motor Vehicle in Transport,0,No,1,Non-Junction,1,Not an Intersection,4,On Roadside,0,None,1,Daylight,1,Clear,0,No,0000000,Not Applicable,14,2:00pm-2:59pm,24,24,14,2:00pm-2:59pm,33,33,88,Not Applicable (Not Transported),88,Not Applicable (Not Transported),1
26,Michigan,260565,0,0,1,1,0,1,1,5,ALLEGAN (5),0,NOT APPLICABLE,7,July,28,28,5,Thursday,2022,9,9:00am-9:59am,30,30,CR-21ST ST,NA,4,County Road,1,Rural,5,Major Collector,2,County Highway Agency,0,This section IS NOT on the NHS,0,No Special Jurisdiction,4,4,42.43457222,42.43457222,-85.74508611,-85.74508611,52,Guardrail End,0,The First Harmful Event was Not a Collision with a Motor Vehicle in Transport,0,No,1,Non-Junction,1,Not an Intersection,4,On Roadside,0,None,1,Daylight,1,Clear,0,No,0000000,Not Applicable,99,Unknown,99,Unknown,99,Unknown EMS Scene Arrival Hour,99,Unknown EMS Scene Arrival Minutes,99,Unknown,99,Unknown EMS Hospital Arrival Time,1
26,Michigan,260566,0,0,1,1,0,1,1,11,ARENAC (11),0,NOT APPLICABLE,7,July,17,17,1,Sunday,2022,15,3:00pm-3:59pm,55,55,CR-BRIGSS RD,NA,4,County Road,1,Rural,5,Major Collector,2,County Highway Agency,0,This section IS NOT on the NHS,0,No Special Jurisdiction,53,53,44.16032778,44.16032778,-83.92755556,-83.92755556,42,Tree (Standing Only),0,The First Harmful Event was Not a Collision with a Motor Vehicle in Transport,0,No,1,Non-Junction,1,Not an Intersection,4,On Roadside,0,None,1,Daylight,1,Clear,0,No,0000000,Not Applicable,99,Unknown,99,Unknown,99,Unknown EMS Scene Arrival Hour,99,Unknown EMS Scene Arrival Minutes,99,Unknown,99,Unknown EMS Hospital Arrival Time,1
26,Michigan,260567,0,0,2,2,0,2,2,63,HURON (63),0,NOT APPLICABLE,8,August,19,19,6,Friday,2022,19,7:00pm-7:59pm,32,32,CR-S CASEVILLE RD,STEIN RD,4,County Road,1,Rural,5,Major Collector,2,County Highway Agency,0,This section IS NOT on the NHS,0,No Special Jurisdiction,30,30,43.77220833,43.77220833,-83.27813889,-83.27813889,12,Motor Vehicle In-Transport,6,Angle,0,No,2,Intersection,2,Four-Way Intersection,1,On Roadway,0,None,1,Daylight,1,Clear,0,No,0000000,Not Applicable,19,7:00pm-7:59pm,34,34,19,7:00pm-7:59pm,42,42,99,Unknown,99,Unknown EMS Hospital Arrival Time,1
26,Michigan,260568,0,0,1,1,0,1,1,159,VAN BUREN (159),0,NOT APPLICABLE,8,August,20,20,7,Saturday,2022,17,5:00pm-5:59pm,21,21,CR-55TH ST,NA,4,County Road,1,Rural,7,Local,2,County Highway Agency,0,This section IS NOT on the NHS,0,No Special Jurisdiction,3,3,42.20541389,42.20541389,-86.08066389,-86.08066389,42,Tree (Standing Only),0,The First Harmful Event was Not a Collision with a Motor Vehicle in Transport,0,No,1,Non-Junction,1,Not an Intersection,4,On Roadside,0,None,1,Daylight,10,Cloudy,0,No,0000000,Not Applicable,17,5:00pm-5:59pm,21,21,17,5:00pm-5:59pm,31,31,88,Not Applicable (Not Transported),88,Not Applicable (Not Transported),1
26,Michigan,260569,1,1,1,1,0,1,1,163,WAYNE (163),0,NOT APPLICABLE,8,August,22,22,2,Monday,2022,22,10:00pm-10:59pm,19,19,I-275,NA,1,Interstate,2,Urban,1,Interstate,1,State Highway Agency,1,This section IS ON the NHS,0,No Special Jurisdiction,52,52,42.16912778,42.16912778,-83.38819722,-83.38819722,8,Pedestrian,0,The First Harmful Event was Not a Collision with a Motor Vehicle in Transport,0,No,1,Non-Junction,1,Not an Intersection,1,On Roadway,0,None,2,Dark - Not Lighted,1,Clear,0,No,0000000,Not Applicable,22,10:00pm-10:59pm,19,19,22,10:00pm-10:59pm,25,25,99,Unknown,99,Unknown EMS Hospital Arrival Time,1
26,Michigan,260570,0,0,2,2,0,3,3,163,WAYNE (163),1260,DETROIT,7,July,29,29,6,Friday,2022,23,11:00pm-11:59pm,0,0,DICKERSON ST,CORBETT AVE,6,Local Street - Municipality,2,Urban,4,Minor Arterial,4,City or Municipal Highway Agency,0,This section IS NOT on the NHS,0,No Special Jurisdiction,27,27,42.40656389,42.40656389,-82.97577778,-82.97577778,12,Motor Vehicle In-Transport,6,Angle,0,No,2,Intersection,2,Four-Way Intersection,1,On Roadway,0,None,3,Dark - Lighted,1,Clear,0,No,0000000,Not Applicable,99,Unknown,99,Unknown,99,Unknown EMS Scene Arrival Hour,99,Unknown EMS Scene Arrival Minutes,99,Unknown,99,Unknown EMS Hospital Arrival Time,1
26,Michigan,260571,0,0,1,1,0,1,1,81,KENT (81),0,NOT APPLICABLE,8,August,22,22,2,Monday,2022,8,8:00am-8:59am,20,20,CR-BAILEY DR NE,NA,4,County Road,1,Rural,7,Local,2,County Highway Agency,0,This section IS NOT on the NHS,0,No Special Jurisdiction,48,48,42.97268333,42.97268333,-85.388075,-85.388075,42,Tree (Standing Only),0,The First Harmful Event was Not a Collision with a Motor Vehicle in Transport,0,No,1,Non-Junction,1,Not an Intersection,4,On Roadside,0,None,1,Daylight,1,Clear,0,No,0000000,Not Applicable,99,Unknown,99,Unknown,99,Unknown EMS Scene Arrival Hour,99,Unknown EMS Scene Arrival Minutes,88,Not Applicable (Not Transported),88,Not Applicable (Not Transported),1
26,Michigan,260572,0,0,2,2,0,3,3,145,SAGINAW (145),920,CHESANING,7,July,27,27,4,Wednesday,2022,12,12:00pm-12:59pm,43,43,SR-MAIN ST,LIBERTY ST,3,State Highway,1,Rural,4,Minor Arterial,2,County Highway Agency,0,This section IS NOT on the NHS,0,No Special Jurisdiction,28,28,43.18091111,43.18091111,-84.10997778,-84.10997778,12,Motor Vehicle In-Transport,1,Front-to-Rear,0,No,2,Intersection,2,Four-Way Intersection,1,On Roadway,0,None,1,Daylight,1,Clear,0,No,0000000,Not Applicable,99,Unknown,99,Unknown,99,Unknown EMS Scene Arrival Hour,99,Unknown EMS Scene Arrival Minutes,99,Unknown,99,Unknown EMS Hospital Arrival Time,1
26,Michigan,260573,0,0,1,1,0,1,1,75,JACKSON (75),0,NOT APPLICABLE,8,August,14,14,1,Sunday,2022,23,11:00pm-11:59pm,53,53,CR-DIXON RD,NA,4,County Road,1,Rural,7,Local,2,County Highway Agency,0,This section IS NOT on the NHS,0,No Special Jurisdiction,20,20,42.36867778,42.36867778,-84.49225,-84.49225,42,Tree (Standing Only),0,The First Harmful Event was Not a Collision with a Motor Vehicle in Transport,0,No,1,Non-Junction,1,Not an Intersection,4,On Roadside,0,None,2,Dark - Not Lighted,1,Clear,0,No,0000000,Not Applicable,99,Unknown,99,Unknown,99,Unknown EMS Scene Arrival Hour,99,Unknown EMS Scene Arrival Minutes,88,Not Applicable (Not Transported),88,Not Applicable (Not Transported),1
26,Michigan,260574,1,1,1,1,0,1,1,49,GENESEE (49),1730,FLINT,8,August,26,26,6,Friday,2022,1,1:00am-1:59am,10,10,N CHEVROLET AVE,BEGOLE ST,6,Local Street - Municipality,2,Urban,5,Major Collector,4,City or Municipal Highway Agency,0,This section IS NOT on the NHS,0,No Special Jurisdiction,19,19,43.02933611,43.02933611,-83.715975,-83.715975,8,Pedestrian,0,The First Harmful Event was Not a Collision with a Motor Vehicle in Transport,0,No,3,Intersection-Related,2,Four-Way Intersection,1,On Roadway,0,None,3,Dark - Lighted,2,Rain,0,No,0000000,Not Applicable,1,1:00am-1:59am,11,11,1,1:00am-1:59am,13,13,88,Not Applicable (Not Transported),88,Not Applicable (Not Transported),1
26,Michigan,260575,0,0,2,2,0,8,8,125,OAKLAND (125),1652,FARMINGTON HILLS,8,August,27,27,7,Saturday,2022,2,2:00am-2:59am,34,34,INKSTER RD,8 MILE RD,6,Local Street - Municipality,2,Urban,4,Minor Arterial,4,City or Municipal Highway Agency,0,This section IS NOT on the NHS,0,No Special Jurisdiction,0,None,42.44223056,42.44223056,-83.31684167,-83.31684167,12,Motor Vehicle In-Transport,6,Angle,0,No,2,Intersection,2,Four-Way Intersection,1,On Roadway,0,None,3,Dark - Lighted,1,Clear,0,No,0000000,Not Applicable,2,2:00am-2:59am,41,41,2,2:00am-2:59am,52,52,99,Unknown,99,Unknown EMS Hospital Arrival Time,1
26,Michigan,260576,0,0,2,2,0,2,2,55,GRAND TRAVERSE (55),0,NOT APPLICABLE,8,August,27,27,7,Saturday,2022,16,4:00pm-4:59pm,37,37,US-131,NA,2,US Highway,1,Rural,3,Principal Arterial - Other,1,State Highway Agency,1,This section IS ON the NHS,0,No Special Jurisdiction,53,53,44.58143333,44.58143333,-85.360525,-85.360525,12,Motor Vehicle In-Transport,2,Front-to-Front,0,No,1,Non-Junction,1,Not an Intersection,1,On Roadway,0,None,1,Daylight,1,Clear,0,No,0000000,Not Applicable,16,4:00pm-4:59pm,40,40,16,4:00pm-4:59pm,46,46,88,Not Applicable (Not Transported),88,Not Applicable (Not Transported),1
26,Michigan,260577,0,0,2,2,0,2,2,151,SANILAC (151),0,NOT APPLICABLE,7,July,19,19,3,Tuesday,2022,12,12:00pm-12:59pm,40,40,SR-25 LAKESHORE RD,NA,3,State Highway,1,Rural,4,Minor Arterial,1,State Highway Agency,0,This section IS NOT on the NHS,0,No Special Jurisdiction,194,194,43.44208889,43.44208889,-82.546425,-82.546425,12,Motor Vehicle In-Transport,6,Angle,0,No,8,Driveway Access Related,1,Not an Intersection,1,On Roadway,0,None,1,Daylight,1,Clear,0,No,0000000,Not Applicable,12,12:00pm-12:59pm,44,44,12,12:00pm-12:59pm,52,52,99,Unknown,99,Unknown EMS Hospital Arrival Time,1
26,Michigan,260578,2,2,6,6,0,6,6,163,WAYNE (163),1260,DETROIT,8,August,27,27,7,Saturday,2022,2,2:00am-2:59am,25,25,I-94,NA,1,Interstate,2,Urban,1,Interstate,1,State Highway Agency,1,This section IS ON the NHS,0,No Special Jurisdiction,303,303,42.38127778,42.38127778,-83.03173056,-83.03173056,8,Pedestrian,0,The First Harmful Event was Not a Collision with a Motor Vehicle in Transport,0,No,1,Non-Junction,1,Not an Intersection,1,On Roadway,0,None,2,Dark - Not Lighted,1,Clear,0,No,0000000,Not Applicable,2,2:00am-2:59am,29,29,2,2:00am-2:59am,36,36,88,Not Applicable (Not Transported),88,Not Applicable (Not Transported),2
26,Michigan,260579,0,0,2,2,0,3,3,91,LENAWEE (91),0,NOT APPLICABLE,7,July,8,8,6,Friday,2022,20,8:00pm-8:59pm,12,12,CR-HOWELL HWY,OAKWOOD RD,4,County Road,2,Urban,4,Minor Arterial,2,County Highway Agency,0,This section IS NOT on the NHS,0,No Special Jurisdiction,5,5,41.91255556,41.91255556,-84.00995833,-84.00995833,12,Motor Vehicle In-Transport,6,Angle,0,No,2,Intersection,2,Four-Way Intersection,1,On Roadway,0,None,1,Daylight,10,Cloudy,0,No,0000000,Not Applicable,20,8:00pm-8:59pm,10,10,20,8:00pm-8:59pm,24,24,99,Unknown,99,Unknown EMS Hospital Arrival Time,1
26,Michigan,260580,1,1,1,1,0,1,1,1,ALCONA (1),0,NOT APPLICABLE,7,July,9,9,7,Saturday,2022,0,0:00am-0:59am,58,58,CR-BAMFIELD RD,NA,4,County Road,1,Rural,5,Major Collector,2,County Highway Agency,0,This section IS NOT on the NHS,0,No Special Jurisdiction,21,21,44.56062222,44.56062222,-83.72436111,-83.72436111,8,Pedestrian,0,The First Harmful Event was Not a Collision with a Motor Vehicle in Transport,0,No,1,Non-Junction,1,Not an Intersection,1,On Roadway,0,None,2,Dark - Not Lighted,1,Clear,0,No,0000000,Not Applicable,99,Unknown,99,Unknown,99,Unknown EMS Scene Arrival Hour,99,Unknown EMS Scene Arrival Minutes,99,Unknown,99,Unknown EMS Hospital Arrival Time,1
26,Michigan,260581,1,1,1,1,0,2,2,139,OTTAWA (139),0,NOT APPLICABLE,8,August,27,27,7,Saturday,2022,21,9:00pm-9:59pm,28,28,US-31,NA,2,US Highway,2,Urban,3,Principal Arterial - Other,1,State Highway Agency,1,This section IS ON the NHS,0,No Special Jurisdiction,47,47,42.83373889,42.83373889,-86.09646389,-86.09646389,8,Pedestrian,0,The First Harmful Event was Not a Collision with a Motor Vehicle in Transport,0,No,1,Non-Junction,1,Not an Intersection,1,On Roadway,0,None,3,Dark - Lighted,1,Clear,0,No,0000000,Not Applicable,21,9:00pm-9:59pm,29,29,21,9:00pm-9:59pm,32,32,88,Not Applicable (Not Transported),88,Not Applicable (Not Transported),1
26,Michigan,260582,3,3,1,1,0,2,2,163,WAYNE (163),1260,DETROIT,8,August,28,28,1,Sunday,2022,1,1:00am-1:59am,0,0,MACK AVE,NA,6,Local Street - Municipality,2,Urban,3,Principal Arterial - Other,4,City or Municipal Highway Agency,1,This section IS ON the NHS,0,No Special Jurisdiction,18,18,42.364975,42.364975,-83.01165556,-83.01165556,8,Pedestrian,0,The First Harmful Event was Not a Collision with a Motor Vehicle in Transport,0,No,1,Non-Junction,1,Not an Intersection,1,On Roadway,0,None,3,Dark - Lighted,1,Clear,0,No,0000000,Not Applicable,99,Unknown,99,Unknown,99,Unknown EMS Scene Arrival Hour,99,Unknown EMS Scene Arrival Minutes,99,Unknown,99,Unknown EMS Hospital Arrival Time,1
26,Michigan,260583,1,1,1,1,0,2,2,163,WAYNE (163),4166,REDFORD TOWNSHIP,8,August,10,10,4,Wednesday,2022,20,8:00pm-8:59pm,46,46,CR-VASSAR,BRADY,4,County Road,2,Urban,7,Local,2,County Highway Agency,0,This section IS NOT on the NHS,0,No Special Jurisdiction,1,1,42.43220833,42.43220833,-83.28848333,-83.28848333,9,Pedalcyclist,0,The First Harmful Event was Not a Collision with a Motor Vehicle in Transport,0,No,3,Intersection-Related,2,Four-Way Intersection,1,On Roadway,0,None,1,Daylight,1,Clear,0,No,0000000,Not Applicable,20,8:00pm-8:59pm,47,47,20,8:00pm-8:59pm,55,55,99,Unknown,99,Unknown EMS Hospital Arrival Time,1
26,Michigan,260584,0,0,3,3,0,4,4,125,OAKLAND (125),4251,ROCHESTER HILLS,8,August,30,30,3,Tuesday,2022,18,6:00pm-6:59pm,16,16,CR-S ADAMS RD,W AUBURN RD,4,County Road,2,Urban,3,Principal Arterial - Other,2,County Highway Agency,1,This section IS ON the NHS,0,No Special Jurisdiction,67,67,42.63402222,42.63402222,-83.20993056,-83.20993056,12,Motor Vehicle In-Transport,2,Front-to-Front,0,No,2,Intersection,2,Four-Way Intersection,1,On Roadway,0,None,1,Daylight,10,Cloudy,0,No,0000000,Not Applicable,18,6:00pm-6:59pm,16,16,18,6:00pm-6:59pm,23,23,99,Unknown,99,Unknown EMS Hospital Arrival Time,1
26,Michigan,260585,0,0,2,2,0,2,2,43,DICKINSON (43),2450,IRON MOUNTAIN,8,August,30,30,3,Tuesday,2022,15,3:00pm-3:59pm,45,45,QUIN LAKE ANTOINE DR,E GRAND BOULEVARD CIR,6,Local Street - Municipality,2,Urban,4,Minor Arterial,4,City or Municipal Highway Agency,0,This section IS NOT on the NHS,0,No Special Jurisdiction,2,2,45.84073611,45.84073611,-88.04728056,-88.04728056,12,Motor Vehicle In-Transport,6,Angle,0,No,2,Intersection,3,T-Intersection,1,On Roadway,0,None,1,Daylight,1,Clear,0,No,0000000,Not Applicable,99,Unknown,99,Unknown,99,Unknown EMS Scene Arrival Hour,99,Unknown EMS Scene Arrival Minutes,88,Not Applicable (Not Transported),88,Not Applicable (Not Transported),1
26,Michigan,260586,1,1,5,1,4,1,1,163,WAYNE (163),1260,DETROIT,6,June,2,2,5,Thursday,2022,21,9:00pm-9:59pm,50,50,ARTESIAN ST,NA,6,Local Street - Municipality,2,Urban,7,Local,4,City or Municipal Highway Agency,0,This section IS NOT on the NHS,0,No Special Jurisdiction,4,4,42.33476389,42.33476389,-83.22541944,-83.22541944,14,Parked Motor Vehicle,0,The First Harmful Event was Not a Collision with a Motor Vehicle in Transport,0,No,1,Non-Junction,1,Not an Intersection,7,In Parking Lane/Zone,0,None,3,Dark - Lighted,1,Clear,0,No,0000000,Not Applicable,99,Unknown,99,Unknown,99,Unknown EMS Scene Arrival Hour,99,Unknown EMS Scene Arrival Minutes,99,Unknown,99,Unknown EMS Hospital Arrival Time,1
26,Michigan,260587,1,1,1,1,0,1,1,147,ST. CLAIR (147),0,NOT APPLICABLE,8,August,30,30,3,Tuesday,2022,22,10:00pm-10:59pm,40,40,CR-DOVE RD,NA,4,County Road,2,Urban,4,Minor Arterial,2,County Highway Agency,0,This section IS NOT on the NHS,0,No Special Jurisdiction,16,16,42.95158333,42.95158333,-82.47103056,-82.47103056,9,Pedalcyclist,0,The First Harmful Event was Not a Collision with a Motor Vehicle in Transport,0,No,1,Non-Junction,1,Not an Intersection,1,On Roadway,0,None,2,Dark - Not Lighted,1,Clear,0,No,0000000,Not Applicable,22,10:00pm-10:59pm,50,50,22,10:00pm-10:59pm,56,56,88,Not Applicable (Not Transported),88,Not Applicable (Not Transported),1
26,Michigan,260588,0,0,1,1,0,1,1,121,MUSKEGON (121),0,NOT APPLICABLE,8,August,22,22,2,Monday,2022,12,12:00pm-12:59pm,53,53,CR-RIVER RD,NA,4,County Road,2,Urban,5,Major Collector,2,County Highway Agency,0,This section IS NOT on the NHS,0,No Special Jurisdiction,52,52,43.29641944,43.29641944,-86.27983056,-86.27983056,32,Culvert,0,The First Harmful Event was Not a Collision with a Motor Vehicle in Transport,0,No,1,Non-Junction,1,Not an Intersection,4,On Roadside,0,None,1,Daylight,1,Clear,0,No,0000000,Not Applicable,99,Unknown,99,Unknown,99,Unknown EMS Scene Arrival Hour,99,Unknown EMS Scene Arrival Minutes,99,Unknown,99,Unknown EMS Hospital Arrival Time,1
26,Michigan,260589,1,1,1,1,0,1,1,87,LAPEER (87),2710,LAPEER,8,August,25,25,5,Thursday,2022,20,8:00pm-8:59pm,55,55,CR-N MAIN ST,W GENESEE ST,4,County Road,2,Urban,5,Major Collector,2,County Highway Agency,0,This section IS NOT on the NHS,0,No Special Jurisdiction,52,52,43.05088333,43.05088333,-83.31870556,-83.31870556,8,Pedestrian,0,The First Harmful Event was Not a Collision with a Motor Vehicle in Transport,0,No,3,Intersection-Related,2,Four-Way Intersection,1,On Roadway,0,None,2,Dark - Not Lighted,2,Rain,0,No,0000000,Not Applicable,20,8:00pm-8:59pm,58,58,21,9:00pm-9:59pm,0,0,99,Unknown,99,Unknown EMS Hospital Arrival Time,1
26,Michigan,260590,0,0,2,2,0,2,2,163,WAYNE (163),2850,LIVONIA,8,August,12,12,6,Friday,2022,16,4:00pm-4:59pm,49,49,CR-MIDDLEBELT RD,NA,4,County Road,2,Urban,3,Principal Arterial - Other,2,County Highway Agency,1,This section IS ON the NHS,0,No Special Jurisdiction,198,198,42.40369167,42.40369167,-83.33473333,-83.33473333,12,Motor Vehicle In-Transport,6,Angle,0,No,8,Driveway Access Related,1,Not an Intersection,1,On Roadway,0,None,1,Daylight,1,Clear,0,No,0000000,Not Applicable,16,4:00pm-4:59pm,49,49,16,4:00pm-4:59pm,54,54,99,Unknown,99,Unknown EMS Hospital Arrival Time,1
26,Michigan,260591,0,0,1,1,0,3,3,117,MONTCALM (117),0,NOT APPLICABLE,6,June,3,3,6,Friday,2022,14,2:00pm-2:59pm,58,58,CR-BPYER RD,NA,4,County Road,1,Rural,7,Local,2,County Highway Agency,0,This section IS NOT on the NHS,0,No Special Jurisdiction,6,6,43.16267778,43.16267778,-84.86399167,-84.86399167,6,Injured In Vehicle (Non-Collision),0,The First Harmful Event was Not a Collision with a Motor Vehicle in Transport,0,No,1,Non-Junction,1,Not an Intersection,1,On Roadway,0,None,1,Daylight,1,Clear,0,No,0000000,Not Applicable,15,3:00pm-3:59pm,5,5,15,3:00pm-3:59pm,10,10,99,Unknown,99,Unknown EMS Hospital Arrival Time,1
26,Michigan,260592,0,0,2,2,0,5,5,89,LEELANAU (89),0,NOT APPLICABLE,8,August,20,20,7,Saturday,2022,10,10:00am-10:59am,42,42,SR-72 W EMPIRE HWY,S BENZONIA TRL,3,State Highway,1,Rural,4,Minor Arterial,1,State Highway Agency,0,This section IS NOT on the NHS,0,No Special Jurisdiction,36,36,44.80853056,44.80853056,-85.99890278,-85.99890278,12,Motor Vehicle In-Transport,6,Angle,0,No,2,Intersection,2,Four-Way Intersection,1,On Roadway,0,None,1,Daylight,10,Cloudy,0,No,0000000,Not Applicable,10,10:00am-10:59am,42,42,10,10:00am-10:59am,46,46,99,Unknown,99,Unknown EMS Hospital Arrival Time,1
26,Michigan,260593,1,1,1,1,0,1,1,99,MACOMB (99),5110,WARREN,8,August,27,27,7,Saturday,2022,23,11:00pm-11:59pm,50,50,13 MILE RD,NA,6,Local Street - Municipality,2,Urban,4,Minor Arterial,4,City or Municipal Highway Agency,0,This section IS NOT on the NHS,0,No Special Jurisdiction,22,22,42.52201944,42.52201944,-82.98536111,-82.98536111,8,Pedestrian,0,The First Harmful Event was Not a Collision with a Motor Vehicle in Transport,0,No,1,Non-Junction,1,Not an Intersection,1,On Roadway,0,None,3,Dark - Lighted,1,Clear,0,No,0000000,Not Applicable,99,Unknown,99,Unknown,99,Unknown EMS Scene Arrival Hour,99,Unknown EMS Scene Arrival Minutes,99,Unknown,99,Unknown EMS Hospital Arrival Time,1
26,Michigan,260594,0,0,3,3,0,3,3,163,WAYNE (163),4815,TAYLOR,6,June,21,21,3,Tuesday,2022,7,7:00am-7:59am,55,55,I-94,NA,1,Interstate,2,Urban,1,Interstate,1,State Highway Agency,1,This section IS ON the NHS,0,No Special Jurisdiction,136,136,42.26091111,42.26091111,-83.29100556,-83.29100556,12,Motor Vehicle In-Transport,2,Front-to-Front,0,No,1,Non-Junction,1,Not an Intersection,1,On Roadway,0,None,1,Daylight,1,Clear,0,No,0000000,Not Applicable,99,Unknown,99,Unknown,99,Unknown EMS Scene Arrival Hour,99,Unknown EMS Scene Arrival Minutes,99,Unknown,99,Unknown EMS Hospital Arrival Time,2
26,Michigan,260595,0,0,2,2,0,2,2,93,LIVINGSTON (93),0,NOT APPLICABLE,8,August,31,31,4,Wednesday,2022,16,4:00pm-4:59pm,20,20,CR-W GRAND RIVER AVE,NA,4,County Road,2,Urban,3,Principal Arterial - Other,2,County Highway Agency,1,This section IS ON the NHS,0,No Special Jurisdiction,249,249,42.51623333,42.51623333,-83.73836944,-83.73836944,12,Motor Vehicle In-Transport,6,Angle,0,No,8,Driveway Access Related,1,Not an Intersection,1,On Roadway,0,None,1,Daylight,1,Clear,0,No,0000000,Not Applicable,99,Unknown,99,Unknown,99,Unknown EMS Scene Arrival Hour,99,Unknown EMS Scene Arrival Minutes,99,Unknown,99,Unknown EMS Hospital Arrival Time,1
26,Michigan,260596,0,0,3,3,0,4,4,81,KENT (81),0,NOT APPLICABLE,7,July,12,12,3,Tuesday,2022,8,8:00am-8:59am,38,38,SR-21 FULTON ST,SPAULDIMG DR,3,State Highway,2,Urban,3,Principal Arterial - Other,1,State Highway Agency,1,This section IS ON the NHS,0,No Special Jurisdiction,83,83,42.96268056,42.96268056,-85.54036667,-85.54036667,12,Motor Vehicle In-Transport,6,Angle,0,No,2,Intersection,2,Four-Way Intersection,1,On Roadway,0,None,1,Daylight,10,Cloudy,0,No,0000000,Not Applicable,99,Unknown,99,Unknown,99,Unknown EMS Scene Arrival Hour,99,Unknown EMS Scene Arrival Minutes,88,Not Applicable (Not Transported),88,Not Applicable (Not Transported),1
26,Michigan,260597,0,0,2,2,0,2,2,15,BARRY (15),0,NOT APPLICABLE,9,September,4,4,1,Sunday,2022,16,4:00pm-4:59pm,50,50,CR-MILO RD,PARKER RD,4,County Road,1,Rural,5,Major Collector,2,County Highway Agency,0,This section IS NOT on the NHS,0,No Special Jurisdiction,10,10,42.45696667,42.45696667,-85.44456111,-85.44456111,12,Motor Vehicle In-Transport,1,Front-to-Rear,0,No,3,Intersection-Related,2,Four-Way Intersection,1,On Roadway,0,None,1,Daylight,1,Clear,0,No,0000000,Not Applicable,16,4:00pm-4:59pm,35,35,16,4:00pm-4:59pm,50,50,88,Not Applicable (Not Transported),88,Not Applicable (Not Transported),1
26,Michigan,260598,0,0,2,2,0,4,4,81,KENT (81),785,CASCADE,7,July,26,26,3,Tuesday,2022,10,10:00am-10:59am,29,29,I-96,NA,1,Interstate,2,Urban,1,Interstate,1,State Highway Agency,1,This section IS ON the NHS,0,No Special Jurisdiction,218,218,42.88447222,42.88447222,-85.47316389,-85.47316389,12,Motor Vehicle In-Transport,1,Front-to-Rear,0,No,1,Non-Junction,1,Not an Intersection,1,On Roadway,1,Construction,1,Daylight,1,Clear,0,No,0000000,Not Applicable,99,Unknown,99,Unknown,99,Unknown EMS Scene Arrival Hour,99,Unknown EMS Scene Arrival Minutes,99,Unknown,99,Unknown EMS Hospital Arrival Time,1
26,Michigan,260599,0,0,1,1,0,1,1,55,GRAND TRAVERSE (55),4880,TRAVERSE CITY,9,September,1,1,5,Thursday,2022,1,1:00am-1:59am,59,59,SR-72 MUNSON AVE,NA,3,State Highway,2,Urban,3,Principal Arterial - Other,1,State Highway Agency,1,This section IS ON the NHS,0,No Special Jurisdiction,0,None,44.76390278,44.76390278,-85.58763333,-85.58763333,33,Curb,0,The First Harmful Event was Not a Collision with a Motor Vehicle in Transport,0,No,1,Non-Junction,1,Not an Intersection,4,On Roadside,0,None,3,Dark - Lighted,1,Clear,0,No,0000000,Not Applicable,99,Unknown,99,Unknown,99,Unknown EMS Scene Arrival Hour,99,Unknown EMS Scene Arrival Minutes,88,Not Applicable (Not Transported),88,Not Applicable (Not Transported),1
26,Michigan,260600,1,1,1,1,0,1,1,145,SAGINAW (145),0,NOT APPLICABLE,9,September,2,2,6,Friday,2022,21,9:00pm-9:59pm,50,50,I-75,NA,1,Interstate,2,Urban,1,Interstate,1,State Highway Agency,1,This section IS ON the NHS,0,No Special Jurisdiction,191,191,43.47000833,43.47000833,-83.89629167,-83.89629167,8,Pedestrian,0,The First Harmful Event was Not a Collision with a Motor Vehicle in Transport,0,No,1,Non-Junction,1,Not an Intersection,1,On Roadway,0,None,2,Dark - Not Lighted,1,Clear,0,No,0000000,Not Applicable,99,Unknown,99,Unknown,99,Unknown EMS Scene Arrival Hour,99,Unknown EMS Scene Arrival Minutes,88,Not Applicable (Not Transported),88,Not Applicable (Not Transported),1
26,Michigan,260601,0,0,4,4,0,5,5,161,WASHTENAW (161),150,ANN ARBOR,7,July,27,27,4,Wednesday,2022,17,5:00pm-5:59pm,43,43,I-94,NA,1,Interstate,2,Urban,1,Interstate,1,State Highway Agency,1,This section IS ON the NHS,0,No Special Jurisdiction,25,25,42.24506944,42.24506944,-83.762875,-83.762875,12,Motor Vehicle In-Transport,1,Front-to-Rear,0,No,1,Non-Junction,1,Not an Intersection,1,On Roadway,0,None,1,Daylight,1,Clear,0,No,0000000,Not Applicable,99,Unknown,99,Unknown,99,Unknown EMS Scene Arrival Hour,99,Unknown EMS Scene Arrival Minutes,99,Unknown,99,Unknown EMS Hospital Arrival Time,1
26,Michigan,260602,0,0,1,1,0,1,1,147,ST. CLAIR (147),0,NOT APPLICABLE,9,September,6,6,3,Tuesday,2022,4,4:00am-4:59am,29,29,CR-RILEY CENTER RD,NA,4,County Road,1,Rural,5,Major Collector,2,County Highway Agency,0,This section IS NOT on the NHS,0,No Special Jurisdiction,30,30,42.93869167,42.93869167,-82.84164722,-82.84164722,34,Ditch,0,The First Harmful Event was Not a Collision with a Motor Vehicle in Transport,0,No,1,Non-Junction,1,Not an Intersection,4,On Roadside,0,None,2,Dark - Not Lighted,1,Clear,0,No,0000000,Not Applicable,4,4:00am-4:59am,30,30,4,4:00am-4:59am,36,36,99,Unknown,99,Unknown EMS Hospital Arrival Time,1
26,Michigan,260603,0,0,2,2,0,4,4,93,LIVINGSTON (93),0,NOT APPLICABLE,9,September,9,9,6,Friday,2022,18,6:00pm-6:59pm,30,30,CR-DENTON HILL RD,DENTON CREEK DR,4,County Road,2,Urban,5,Major Collector,2,County Highway Agency,0,This section IS NOT on the NHS,0,No Special Jurisdiction,5,5,42.76630833,42.76630833,-83.70605,-83.70605,12,Motor Vehicle In-Transport,6,Angle,0,No,2,Intersection,3,T-Intersection,1,On Roadway,0,None,2,Dark - Not Lighted,1,Clear,0,No,0000000,Not Applicable,18,6:00pm-6:59pm,31,31,18,6:00pm-6:59pm,53,53,99,Unknown,99,Unknown EMS Hospital Arrival Time,1
26,Michigan,260604,0,0,1,1,0,2,2,99,MACOMB (99),919,CHESTERFIELD TOWNSHIP,9,September,6,6,3,Tuesday,2022,1,1:00am-1:59am,13,13,I-94 RAMP 013A,NA,1,Interstate,2,Urban,1,Interstate,1,State Highway Agency,1,This section IS ON the NHS,0,No Special Jurisdiction,2,2,42.67141667,42.67141667,-82.82402222,-82.82402222,1,Rollover/Overturn,0,The First Harmful Event was Not a Collision with a Motor Vehicle in Transport,1,Yes,5,Entrance/Exit Ramp Related,1,Not an Intersection,8,Gore,0,None,3,Dark - Lighted,1,Clear,0,No,0000000,Not Applicable,99,Unknown,99,Unknown,99,Unknown EMS Scene Arrival Hour,99,Unknown EMS Scene Arrival Minutes,99,Unknown,99,Unknown EMS Hospital Arrival Time,1
26,Michigan,260605,1,1,1,1,0,1,1,163,WAYNE (163),1260,DETROIT,9,September,10,10,7,Saturday,2022,7,7:00am-7:59am,0,0,US-12 MICHIGAN AVE,JOE ST,2,US Highway,2,Urban,3,Principal Arterial - Other,1,State Highway Agency,1,This section IS ON the NHS,0,No Special Jurisdiction,40,40,42.33121111,42.33121111,-83.11664167,-83.11664167,8,Pedestrian,0,The First Harmful Event was Not a Collision with a Motor Vehicle in Transport,0,No,3,Intersection-Related,2,Four-Way Intersection,1,On Roadway,0,None,4,Dawn,1,Clear,0,No,0000000,Not Applicable,99,Unknown,99,Unknown,99,Unknown EMS Scene Arrival Hour,99,Unknown EMS Scene Arrival Minutes,88,Not Applicable (Not Transported),88,Not Applicable (Not Transported),1
26,Michigan,260606,0,0,1,1,0,2,2,21,BERRIEN (21),410,BENTON HARBOR,9,September,10,10,7,Saturday,2022,23,11:00pm-11:59pm,26,26,SR-FIFTH ST,MAIN ST,3,State Highway,2,Urban,3,Principal Arterial - Other,1,State Highway Agency,1,This section IS ON the NHS,0,No Special Jurisdiction,8,8,42.11664167,42.11664167,-86.45268056,-86.45268056,33,Curb,0,The First Harmful Event was Not a Collision with a Motor Vehicle in Transport,0,No,3,Intersection-Related,6,Roundabout,4,On Roadside,0,None,3,Dark - Lighted,1,Clear,0,No,0000000,Not Applicable,23,11:00pm-11:59pm,28,28,23,11:00pm-11:59pm,33,33,88,Not Applicable (Not Transported),88,Not Applicable (Not Transported),1
26,Michigan,260607,0,0,3,3,0,6,6,139,OTTAWA (139),0,NOT APPLICABLE,9,September,9,9,6,Friday,2022,13,1:00pm-1:59pm,17,17,CR-168TH AVE,TAFT RD,4,County Road,2,Urban,4,Minor Arterial,2,County Highway Agency,0,This section IS NOT on the NHS,0,No Special Jurisdiction,11,11,43.10330278,43.10330278,-86.20540556,-86.20540556,12,Motor Vehicle In-Transport,6,Angle,0,No,2,Intersection,2,Four-Way Intersection,1,On Roadway,0,None,1,Daylight,1,Clear,0,No,0000000,Not Applicable,13,1:00pm-1:59pm,18,18,13,1:00pm-1:59pm,22,22,99,Unknown,99,Unknown EMS Hospital Arrival Time,1
26,Michigan,260608,0,0,2,2,0,2,2,81,KENT (81),0,NOT APPLICABLE,9,September,10,10,7,Saturday,2022,19,7:00pm-7:59pm,13,13,SR-57 14 MILE RD NE,RAMSDELL DR NE,3,State Highway,1,Rural,4,Minor Arterial,1,State Highway Agency,0,This section IS NOT on the NHS,0,No Special Jurisdiction,112,112,43.17633333,43.17633333,-85.43135556,-85.43135556,12,Motor Vehicle In-Transport,6,Angle,0,No,2,Intersection,2,Four-Way Intersection,1,On Roadway,0,None,1,Daylight,1,Clear,0,No,0000000,Not Applicable,19,7:00pm-7:59pm,12,12,19,7:00pm-7:59pm,22,22,99,Unknown,99,Unknown EMS Hospital Arrival Time,1
26,Michigan,260609,0,0,2,2,0,3,3,91,LENAWEE (91),0,NOT APPLICABLE,9,September,13,13,3,Tuesday,2022,6,6:00am-6:59am,4,4,US-223,OGDEN HWY,2,US Highway,2,Urban,3,Principal Arterial - Other,1,State Highway Agency,1,This section IS ON the NHS,0,No Special Jurisdiction,234,234,41.87238889,41.87238889,-83.99211389,-83.99211389,12,Motor Vehicle In-Transport,6,Angle,0,No,2,Intersection,2,Four-Way Intersection,1,On Roadway,0,None,3,Dark - Lighted,1,Clear,0,No,0000000,Not Applicable,6,6:00am-6:59am,4,4,6,6:00am-6:59am,13,13,88,Not Applicable (Not Transported),88,Not Applicable (Not Transported),1
26,Michigan,260610,0,0,1,1,0,3,3,87,LAPEER (87),0,NOT APPLICABLE,8,August,3,3,4,Wednesday,2022,16,4:00pm-4:59pm,33,33,CR-PEPPERMILL RD,NA,4,County Road,1,Rural,7,Local,2,County Highway Agency,0,This section IS NOT on the NHS,0,No Special Jurisdiction,9,9,43.03134722,43.03134722,-83.20752778,-83.20752778,16,Thrown or Falling Object,0,The First Harmful Event was Not a Collision with a Motor Vehicle in Transport,0,No,1,Non-Junction,1,Not an Intersection,1,On Roadway,0,None,1,Daylight,2,Rain,0,No,0000000,Not Applicable,99,Unknown,99,Unknown,99,Unknown EMS Scene Arrival Hour,99,Unknown EMS Scene Arrival Minutes,99,Unknown,99,Unknown EMS Hospital Arrival Time,1
26,Michigan,260611,0,0,2,1,1,1,1,75,JACKSON (75),0,NOT APPLICABLE,9,September,13,13,3,Tuesday,2022,16,4:00pm-4:59pm,29,29,US-127 S MERIDIAN RD,NA,2,US Highway,1,Rural,3,Principal Arterial - Other,1,State Highway Agency,1,This section IS ON the NHS,0,No Special Jurisdiction,47,47,42.14221667,42.14221667,-84.36423889,-84.36423889,14,Parked Motor Vehicle,0,The First Harmful Event was Not a Collision with a Motor Vehicle in Transport,0,No,1,Non-Junction,1,Not an Intersection,4,On Roadside,0,None,1,Daylight,10,Cloudy,0,No,0000000,Not Applicable,16,4:00pm-4:59pm,30,30,16,4:00pm-4:59pm,41,41,88,Not Applicable (Not Transported),88,Not Applicable (Not Transported),1
26,Michigan,260612,0,0,2,2,0,6,6,149,ST JOSEPH (149),0,NOT APPLICABLE,8,August,7,7,1,Sunday,2022,14,2:00pm-2:59pm,46,46,CR-QUAKER ST,KLETT RD,4,County Road,1,Rural,7,Local,2,County Highway Agency,0,This section IS NOT on the NHS,0,No Special Jurisdiction,32,32,41.83081944,41.83081944,-85.71619167,-85.71619167,12,Motor Vehicle In-Transport,6,Angle,0,No,2,Intersection,2,Four-Way Intersection,1,On Roadway,0,None,1,Daylight,1,Clear,0,No,0000000,Not Applicable,99,Unknown,99,Unknown,99,Unknown EMS Scene Arrival Hour,98,Unknown if Arrived,88,Not Applicable (Not Transported),88,Not Applicable (Not Transported),1
26,Michigan,260613,0,0,2,2,0,2,2,145,SAGINAW (145),0,NOT APPLICABLE,9,September,8,8,5,Thursday,2022,8,8:00am-8:59am,54,54,CR-MACKINAW RD,NA,4,County Road,1,Rural,5,Major Collector,2,County Highway Agency,0,This section IS NOT on the NHS,0,No Special Jurisdiction,68,68,43.50560278,43.50560278,-83.99382222,-83.99382222,12,Motor Vehicle In-Transport,7,Sideswipe - Same Direction,0,No,1,Non-Junction,1,Not an Intersection,1,On Roadway,0,None,1,Daylight,1,Clear,0,No,0000000,Not Applicable,99,Unknown,99,Unknown,99,Unknown EMS Scene Arrival Hour,99,Unknown EMS Scene Arrival Minutes,99,Unknown,99,Unknown EMS Hospital Arrival Time,1
26,Michigan,260614,0,0,1,1,0,1,1,55,GRAND TRAVERSE (55),4880,TRAVERSE CITY,8,August,6,6,7,Saturday,2022,0,0:00am-0:59am,3,3,SR-72 GRANDVIEW PKWY,NA,3,State Highway,2,Urban,4,Minor Arterial,1,State Highway Agency,0,This section IS NOT on the NHS,0,No Special Jurisdiction,0,None,44.77509444,44.77509444,-85.64163333,-85.64163333,33,Curb,0,The First Harmful Event was Not a Collision with a Motor Vehicle in Transport,0,No,1,Non-Junction,1,Not an Intersection,3,On Median,0,None,3,Dark - Lighted,1,Clear,0,No,0000000,Not Applicable,0,0:00am-0:59am,3,3,0,0:00am-0:59am,5,5,99,Unknown,99,Unknown EMS Hospital Arrival Time,1
26,Michigan,260615,0,0,2,2,0,4,4,75,JACKSON (75),0,NOT APPLICABLE,9,September,1,1,5,Thursday,2022,19,7:00pm-7:59pm,10,10,SR-99 EATON RAPIDS RD,DEVEREAUX RD,3,State Highway,1,Rural,4,Minor Arterial,1,State Highway Agency,0,This section IS NOT on the NHS,0,No Special Jurisdiction,44,44,42.32020556,42.32020556,-84.69884167,-84.69884167,12,Motor Vehicle In-Transport,6,Angle,0,No,2,Intersection,2,Four-Way Intersection,1,On Roadway,0,None,1,Daylight,1,Clear,0,No,0000000,Not Applicable,99,Unknown,99,Unknown,99,Unknown EMS Scene Arrival Hour,99,Unknown EMS Scene Arrival Minutes,99,Unknown,99,Unknown EMS Hospital Arrival Time,1
26,Michigan,260616,0,0,1,1,0,1,1,5,ALLEGAN (5),80,ALLEGAN,9,September,13,13,3,Tuesday,2022,20,8:00pm-8:59pm,55,55,ELY ST,NA,6,Local Street - Municipality,2,Urban,5,Major Collector,4,City or Municipal Highway Agency,0,This section IS NOT on the NHS,0,No Special Jurisdiction,22,22,42.52259444,42.52259444,-85.86178889,-85.86178889,33,Curb,0,The First Harmful Event was Not a Collision with a Motor Vehicle in Transport,0,No,1,Non-Junction,1,Not an Intersection,4,On Roadside,0,None,2,Dark - Not Lighted,1,Clear,0,No,0000000,Not Applicable,99,Unknown,99,Unknown,99,Unknown EMS Scene Arrival Hour,99,Unknown EMS Scene Arrival Minutes,99,Unknown,99,Unknown EMS Hospital Arrival Time,1
26,Michigan,260618,1,1,1,1,0,2,2,163,WAYNE (163),1260,DETROIT,9,September,11,11,1,Sunday,2022,20,8:00pm-8:59pm,10,10,EPWORTH ST,NA,6,Local Street - Municipality,2,Urban,5,Major Collector,4,City or Municipal Highway Agency,0,This section IS NOT on the NHS,0,No Special Jurisdiction,2,2,42.34663056,42.34663056,-83.12590278,-83.12590278,9,Pedalcyclist,0,The First Harmful Event was Not a Collision with a Motor Vehicle in Transport,0,No,1,Non-Junction,1,Not an Intersection,1,On Roadway,0,None,3,Dark - Lighted,1,Clear,0,No,0000000,Not Applicable,99,Unknown,99,Unknown,99,Unknown EMS Scene Arrival Hour,99,Unknown EMS Scene Arrival Minutes,88,Not Applicable (Not Transported),88,Not Applicable (Not Transported),1
26,Michigan,260619,1,1,1,1,0,1,1,105,MASON (105),0,NOT APPLICABLE,7,July,27,27,4,Wednesday,2022,6,6:00am-6:59am,9,9,CR-SCOTTVILLE RD,NA,4,County Road,1,Rural,5,Major Collector,2,County Highway Agency,0,This section IS NOT on the NHS,0,No Special Jurisdiction,22,22,43.85100556,43.85100556,-86.27818056,-86.27818056,8,Pedestrian,0,The First Harmful Event was Not a Collision with a Motor Vehicle in Transport,0,No,1,Non-Junction,1,Not an Intersection,1,On Roadway,0,None,4,Dawn,1,Clear,0,No,0000000,Not Applicable,99,Unknown,98,Unknown if Notified,99,Unknown EMS Scene Arrival Hour,98,Unknown if Arrived,88,Not Applicable (Not Transported),88,Not Applicable (Not Transported),1
26,Michigan,260620,0,0,2,2,0,2,2,75,JACKSON (75),2500,JACKSON,8,August,5,5,6,Friday,2022,6,6:00am-6:59am,45,45,SR-106,PORTER ST,3,State Highway,2,Urban,3,Principal Arterial - Other,1,State Highway Agency,1,This section IS ON the NHS,0,No Special Jurisdiction,13,13,42.26812778,42.26812778,-84.403875,-84.403875,12,Motor Vehicle In-Transport,6,Angle,0,No,2,Intersection,3,T-Intersection,1,On Roadway,0,None,1,Daylight,5,"Fog, Smog, Smoke",0,No,0000000,Not Applicable,99,Unknown,99,Unknown,99,Unknown EMS Scene Arrival Hour,99,Unknown EMS Scene Arrival Minutes,99,Unknown,99,Unknown EMS Hospital Arrival Time,1
26,Michigan,260621,0,0,1,1,0,1,1,77,KALAMAZOO (77),2520,KALAMAZOO,9,September,17,17,7,Saturday,2022,13,1:00pm-1:59pm,23,23,N WESTNEDGE AVE,NA,6,Local Street - Municipality,2,Urban,3,Principal Arterial - Other,4,City or Municipal Highway Agency,1,This section IS ON the NHS,0,No Special Jurisdiction,65,65,42.29904444,42.29904444,-85.58994722,-85.58994722,42,Tree (Standing Only),0,The First Harmful Event was Not a Collision with a Motor Vehicle in Transport,0,No,1,Non-Junction,1,Not an Intersection,4,On Roadside,0,None,1,Daylight,1,Clear,0,No,0000000,Not Applicable,99,Unknown,99,Unknown,99,Unknown EMS Scene Arrival Hour,99,Unknown EMS Scene Arrival Minutes,88,Not Applicable (Not Transported),88,Not Applicable (Not Transported),1
26,Michigan,260622,0,0,1,1,0,3,3,81,KENT (81),0,NOT APPLICABLE,9,September,3,3,7,Saturday,2022,19,7:00pm-7:59pm,37,37,CR-13 MILE RD,NA,4,County Road,2,Urban,7,Local,2,County Highway Agency,0,This section IS NOT on the NHS,0,No Special Jurisdiction,135,135,43.16104722,43.16104722,-85.52239722,-85.52239722,42,Tree (Standing Only),0,The First Harmful Event was Not a Collision with a Motor Vehicle in Transport,0,No,1,Non-Junction,1,Not an Intersection,4,On Roadside,0,None,1,Daylight,2,Rain,0,No,0000000,Not Applicable,19,7:00pm-7:59pm,37,37,19,7:00pm-7:59pm,37,37,19,7:00pm-7:59pm,56,56,1
26,Michigan,260623,0,0,1,1,0,1,1,127,OCEANA (127),0,NOT APPLICABLE,9,September,21,21,4,Wednesday,2022,19,7:00pm-7:59pm,25,25,US-31,NA,2,US Highway,2,Urban,2,Principal Arterial - Other Freeways and Expressways,1,State Highway Agency,1,This section IS ON the NHS,0,No Special Jurisdiction,3,3,43.47518333,43.47518333,-86.34247222,-86.34247222,24,Guardrail Face,0,The First Harmful Event was Not a Collision with a Motor Vehicle in Transport,0,No,1,Non-Junction,1,Not an Intersection,4,On Roadside,0,None,1,Daylight,10,Cloudy,0,No,0000000,Not Applicable,19,7:00pm-7:59pm,24,24,19,7:00pm-7:59pm,41,41,88,Not Applicable (Not Transported),88,Not Applicable (Not Transported),1
26,Michigan,260624,0,0,2,2,0,5,5,105,MASON (105),0,NOT APPLICABLE,9,September,9,9,6,Friday,2022,20,8:00pm-8:59pm,27,27,CR-S MASTEN RD,NA,4,County Road,1,Rural,5,Major Collector,2,County Highway Agency,0,This section IS NOT on the NHS,0,No Special Jurisdiction,31,31,43.86051944,43.86051944,-86.05868056,-86.05868056,11,Live Animal,0,The First Harmful Event was Not a Collision with a Motor Vehicle in Transport,0,No,1,Non-Junction,1,Not an Intersection,1,On Roadway,0,None,2,Dark - Not Lighted,1,Clear,0,No,0000000,Not Applicable,99,Unknown,99,Unknown,99,Unknown EMS Scene Arrival Hour,99,Unknown EMS Scene Arrival Minutes,88,Not Applicable (Not Transported),88,Not Applicable (Not Transported),1
26,Michigan,260625,0,0,2,2,0,2,2,125,OAKLAND (125),4567,SOUTHFIELD,1,January,1,1,7,Saturday,2022,6,6:00am-6:59am,19,19,CR-SOUTHFIELD RD,WEBSTER DR,4,County Road,2,Urban,3,Principal Arterial - Other,2,County Highway Agency,1,This section IS ON the NHS,0,No Special Jurisdiction,15,15,42.50999167,42.50999167,-83.22300556,-83.22300556,12,Motor Vehicle In-Transport,6,Angle,0,No,2,Intersection,2,Four-Way Intersection,1,On Roadway,0,None,2,Dark - Not Lighted,1,Clear,0,No,0000000,Not Applicable,99,Unknown,99,Unknown,99,Unknown EMS Scene Arrival Hour,99,Unknown EMS Scene Arrival Minutes,99,Unknown,99,Unknown EMS Hospital Arrival Time,1
26,Michigan,260626,0,0,2,2,0,2,2,125,OAKLAND (125),5113,WATERFORD,8,August,12,12,6,Friday,2022,15,3:00pm-3:59pm,13,13,SR-59 HIGHLAND RD,NA,3,State Highway,2,Urban,3,Principal Arterial - Other,1,State Highway Agency,1,This section IS ON the NHS,0,No Special Jurisdiction,138,138,42.65956111,42.65956111,-83.41964167,-83.41964167,12,Motor Vehicle In-Transport,6,Angle,0,No,8,Driveway Access Related,1,Not an Intersection,1,On Roadway,0,None,1,Daylight,1,Clear,0,No,0000000,Not Applicable,15,3:00pm-3:59pm,14,14,15,3:00pm-3:59pm,18,18,88,Not Applicable (Not Transported),88,Not Applicable (Not Transported),1
26,Michigan,260627,0,0,1,1,0,1,1,125,OAKLAND (125),4567,SOUTHFIELD,2,February,13,13,1,Sunday,2022,3,3:00am-3:59am,43,43,N NORTHWESTERN SD,NA,6,Local Street - Municipality,2,Urban,5,Major Collector,4,City or Municipal Highway Agency,0,This section IS NOT on the NHS,0,No Special Jurisdiction,9,9,42.45157778,42.45157778,-83.210525,-83.210525,33,Curb,0,The First Harmful Event was Not a Collision with a Motor Vehicle in Transport,0,No,1,Non-Junction,1,Not an Intersection,4,On Roadside,0,None,3,Dark - Lighted,1,Clear,0,No,0000000,Not Applicable,99,Unknown,99,Unknown,99,Unknown EMS Scene Arrival Hour,99,Unknown EMS Scene Arrival Minutes,88,Not Applicable (Not Transported),88,Not Applicable (Not Transported),1
26,Michigan,260628,0,0,1,1,0,3,3,99,MACOMB (99),0,NOT APPLICABLE,3,March,30,30,4,Wednesday,2022,8,8:00am-8:59am,35,35,CR-27 MILE RD,NA,4,County Road,2,Urban,7,Local,2,County Highway Agency,0,This section IS NOT on the NHS,0,No Special Jurisdiction,36,36,42.73468333,42.73468333,-82.77684722,-82.77684722,42,Tree (Standing Only),0,The First Harmful Event was Not a Collision with a Motor Vehicle in Transport,0,No,1,Non-Junction,1,Not an Intersection,4,On Roadside,0,None,1,Daylight,10,Cloudy,0,No,0000000,Not Applicable,99,Unknown,99,Unknown,99,Unknown EMS Scene Arrival Hour,99,Unknown EMS Scene Arrival Minutes,99,Unknown,99,Unknown EMS Hospital Arrival Time,1
26,Michigan,260629,0,0,3,3,0,5,5,49,GENESEE (49),1730,FLINT,5,May,8,8,1,Sunday,2022,1,1:00am-1:59am,45,45,E PIERSON RD,SELBY ST,6,Local Street - Municipality,2,Urban,3,Principal Arterial - Other,4,City or Municipal Highway Agency,1,This section IS ON the NHS,0,No Special Jurisdiction,70,70,43.06129722,43.06129722,-83.68448056,-83.68448056,12,Motor Vehicle In-Transport,6,Angle,0,No,2,Intersection,2,Four-Way Intersection,1,On Roadway,0,None,3,Dark - Lighted,1,Clear,0,No,0000000,Not Applicable,1,1:00am-1:59am,48,48,1,1:00am-1:59am,50,50,99,Unknown,99,Unknown EMS Hospital Arrival Time,1
26,Michigan,260630,0,0,2,2,0,3,3,49,GENESEE (49),1730,FLINT,5,May,8,8,1,Sunday,2022,20,8:00pm-8:59pm,42,42,S AVERILL AVE,NA,6,Local Street - Municipality,2,Urban,4,Minor Arterial,4,City or Municipal Highway Agency,0,This section IS NOT on the NHS,0,No Special Jurisdiction,7,7,43.01357222,43.01357222,-83.64309722,-83.64309722,12,Motor Vehicle In-Transport,2,Front-to-Front,0,No,1,Non-Junction,1,Not an Intersection,1,On Roadway,0,None,3,Dark - Lighted,1,Clear,0,No,0000000,Not Applicable,20,8:00pm-8:59pm,42,42,20,8:00pm-8:59pm,48,48,99,Unknown,99,Unknown EMS Hospital Arrival Time,1
26,Michigan,260631,0,0,2,2,0,3,3,77,KALAMAZOO (77),47,ALAMO,8,August,14,14,1,Sunday,2022,0,0:00am-0:59am,0,0,US-131,NA,2,US Highway,1,Rural,2,Principal Arterial - Other Freeways and Expressways,1,State Highway Agency,1,This section IS ON the NHS,0,No Special Jurisdiction,233,233,42.40153889,42.40153889,-85.65949444,-85.65949444,12,Motor Vehicle In-Transport,1,Front-to-Rear,0,No,1,Non-Junction,1,Not an Intersection,1,On Roadway,0,None,2,Dark - Not Lighted,2,Rain,0,No,0000000,Not Applicable,0,0:00am-0:59am,1,1,0,0:00am-0:59am,10,10,99,Unknown,99,Unknown EMS Hospital Arrival Time,1
26,Michigan,260632,0,0,1,1,0,1,1,101,MANISTEE (101),0,NOT APPLICABLE,6,June,26,26,1,Sunday,2022,17,5:00pm-5:59pm,55,55,CR-FAYLOR RD,NA,4,County Road,1,Rural,5,Major Collector,2,County Highway Agency,0,This section IS NOT on the NHS,0,No Special Jurisdiction,20,20,44.48346667,44.48346667,-85.88562778,-85.88562778,53,Mail Box,0,The First Harmful Event was Not a Collision with a Motor Vehicle in Transport,0,No,1,Non-Junction,1,Not an Intersection,4,On Roadside,0,None,1,Daylight,1,Clear,0,No,0000000,Not Applicable,17,5:00pm-5:59pm,58,58,18,6:00pm-6:59pm,11,11,88,Not Applicable (Not Transported),88,Not Applicable (Not Transported),1
26,Michigan,260633,0,0,2,1,1,1,1,99,MACOMB (99),919,CHESTERFIELD TOWNSHIP,9,September,19,19,2,Monday,2022,9,9:00am-9:59am,15,15,SR-19 NEW HAVEN RD,NA,3,State Highway,2,Urban,4,Minor Arterial,1,State Highway Agency,0,This section IS NOT on the NHS,0,No Special Jurisdiction,31,31,42.71032778,42.71032778,-82.77747222,-82.77747222,14,Parked Motor Vehicle,0,The First Harmful Event was Not a Collision with a Motor Vehicle in Transport,0,No,1,Non-Junction,1,Not an Intersection,4,On Roadside,0,None,1,Daylight,1,Clear,0,No,0000000,Not Applicable,99,Unknown,99,Unknown,99,Unknown EMS Scene Arrival Hour,99,Unknown EMS Scene Arrival Minutes,99,Unknown,99,Unknown EMS Hospital Arrival Time,1
26,Michigan,260634,0,0,3,3,0,3,3,81,KENT (81),0,NOT APPLICABLE,9,September,23,23,6,Friday,2022,16,4:00pm-4:59pm,9,9,CR-76TH ST SW,NA,4,County Road,2,Urban,5,Major Collector,2,County Highway Agency,0,This section IS NOT on the NHS,0,No Special Jurisdiction,21,21,42.82678889,42.82678889,-85.74106944,-85.74106944,12,Motor Vehicle In-Transport,7,Sideswipe - Same Direction,0,No,1,Non-Junction,1,Not an Intersection,1,On Roadway,0,None,1,Daylight,10,Cloudy,0,No,0000000,Not Applicable,16,4:00pm-4:59pm,10,10,16,4:00pm-4:59pm,18,18,99,Unknown,99,Unknown EMS Hospital Arrival Time,1
26,Michigan,260635,0,0,2,2,0,3,3,147,ST. CLAIR (147),926,CHINA TOWNSHIP,8,August,15,15,2,Monday,2022,15,3:00pm-3:59pm,55,55,CR-PUTTYGUT RD,WADHAMS RD,4,County Road,1,Rural,7,Local,2,County Highway Agency,0,This section IS NOT on the NHS,0,No Special Jurisdiction,62,62,42.78623333,42.78623333,-82.55318333,-82.55318333,12,Motor Vehicle In-Transport,6,Angle,0,No,2,Intersection,2,Four-Way Intersection,1,On Roadway,0,None,1,Daylight,10,Cloudy,0,No,0000000,Not Applicable,15,3:00pm-3:59pm,57,57,17,5:00pm-5:59pm,21,21,99,Unknown,99,Unknown EMS Hospital Arrival Time,1
26,Michigan,260636,0,0,2,2,0,2,2,147,ST. CLAIR (147),0,NOT APPLICABLE,8,August,16,16,3,Tuesday,2022,16,4:00pm-4:59pm,32,32,SR-29 DIXIE HWY,NA,3,State Highway,2,Urban,4,Minor Arterial,1,State Highway Agency,0,This section IS NOT on the NHS,0,No Special Jurisdiction,22,22,42.68381389,42.68381389,-82.66684444,-82.66684444,53,Mail Box,0,The First Harmful Event was Not a Collision with a Motor Vehicle in Transport,0,No,1,Non-Junction,1,Not an Intersection,4,On Roadside,0,None,1,Daylight,1,Clear,0,No,0000000,Not Applicable,16,4:00pm-4:59pm,32,32,16,4:00pm-4:59pm,40,40,99,Unknown,99,Unknown EMS Hospital Arrival Time,1
26,Michigan,260637,0,0,2,2,0,6,6,139,OTTAWA (139),2503,JAMESTOWN,8,August,17,17,4,Wednesday,2022,12,12:00pm-12:59pm,30,30,CR-22ND AVE,JACKSON ST,4,County Road,2,Urban,5,Major Collector,2,County Highway Agency,0,This section IS NOT on the NHS,0,No Special Jurisdiction,11,11,42.85638333,42.85638333,-85.83639722,-85.83639722,12,Motor Vehicle In-Transport,6,Angle,0,No,2,Intersection,2,Four-Way Intersection,1,On Roadway,0,None,1,Daylight,1,Clear,0,No,0000000,Not Applicable,12,12:00pm-12:59pm,32,32,12,12:00pm-12:59pm,46,46,99,Unknown,99,Unknown EMS Hospital Arrival Time,1
26,Michigan,260638,0,0,1,1,0,2,2,131,ONTONAGON (131),0,NOT APPLICABLE,9,September,22,22,5,Thursday,2022,23,11:00pm-11:59pm,30,30,CR-NORWICH RD,NA,4,County Road,1,Rural,5,Major Collector,2,County Highway Agency,0,This section IS NOT on the NHS,0,No Special Jurisdiction,212,212,46.84756667,46.84756667,-89.34510278,-89.34510278,42,Tree (Standing Only),0,The First Harmful Event was Not a Collision with a Motor Vehicle in Transport,0,No,1,Non-Junction,1,Not an Intersection,4,On Roadside,0,None,2,Dark - Not Lighted,1,Clear,0,No,0000000,Not Applicable,99,Unknown,99,Unknown,99,Unknown EMS Scene Arrival Hour,99,Unknown EMS Scene Arrival Minutes,99,Unknown,99,Unknown EMS Hospital Arrival Time,1
26,Michigan,260639,0,0,2,2,0,2,2,99,MACOMB (99),1009,CLINTON TOWNSHIP,9,September,25,25,1,Sunday,2022,17,5:00pm-5:59pm,13,13,CR-CASS AVE,NA,4,County Road,2,Urban,3,Principal Arterial - Other,2,County Highway Agency,1,This section IS ON the NHS,0,No Special Jurisdiction,4,4,42.60931111,42.60931111,-82.92514722,-82.92514722,12,Motor Vehicle In-Transport,2,Front-to-Front,0,No,1,Non-Junction,1,Not an Intersection,1,On Roadway,0,None,1,Daylight,2,Rain,0,No,0000000,Not Applicable,17,5:00pm-5:59pm,14,14,17,5:00pm-5:59pm,19,19,99,Unknown,99,Unknown EMS Hospital Arrival Time,1
26,Michigan,260640,0,0,1,1,0,1,1,163,WAYNE (163),1260,DETROIT,9,September,25,25,1,Sunday,2022,16,4:00pm-4:59pm,47,47,BELVIDERE ST,NA,6,Local Street - Municipality,2,Urban,7,Local,4,City or Municipal Highway Agency,0,This section IS NOT on the NHS,0,No Special Jurisdiction,6,6,42.36638056,42.36638056,-82.99123333,-82.99123333,42,Tree (Standing Only),0,The First Harmful Event was Not a Collision with a Motor Vehicle in Transport,0,No,1,Non-Junction,1,Not an Intersection,4,On Roadside,0,None,1,Daylight,1,Clear,0,No,0000000,Not Applicable,99,Unknown,99,Unknown,99,Unknown EMS Scene Arrival Hour,99,Unknown EMS Scene Arrival Minutes,88,Not Applicable (Not Transported),88,Not Applicable (Not Transported),1
26,Michigan,260641,0,0,2,2,0,2,2,163,WAYNE (163),4815,TAYLOR,9,September,11,11,1,Sunday,2022,15,3:00pm-3:59pm,59,59,CR-EUREKA RD,PARDEE RD,4,County Road,2,Urban,3,Principal Arterial - Other,2,County Highway Agency,1,This section IS ON the NHS,0,No Special Jurisdiction,76,76,42.19782778,42.19782778,-83.25805556,-83.25805556,12,Motor Vehicle In-Transport,6,Angle,0,No,2,Intersection,2,Four-Way Intersection,1,On Roadway,0,None,1,Daylight,1,Clear,0,No,0000000,Not Applicable,99,Unknown,99,Unknown,99,Unknown EMS Scene Arrival Hour,99,Unknown EMS Scene Arrival Minutes,88,Not Applicable (Not Transported),88,Not Applicable (Not Transported),1
26,Michigan,260642,0,0,2,2,0,2,2,163,WAYNE (163),1260,DETROIT,8,August,16,16,3,Tuesday,2022,7,7:00am-7:59am,4,4,CHALMERS ST,WILFRED ST,6,Local Street - Municipality,2,Urban,4,Minor Arterial,4,City or Municipal Highway Agency,0,This section IS NOT on the NHS,0,No Special Jurisdiction,34,34,42.41844444,42.41844444,-82.97333889,-82.97333889,12,Motor Vehicle In-Transport,6,Angle,0,No,2,Intersection,2,Four-Way Intersection,1,On Roadway,0,None,4,Dawn,1,Clear,0,No,0000000,Not Applicable,99,Unknown,99,Unknown,99,Unknown EMS Scene Arrival Hour,99,Unknown EMS Scene Arrival Minutes,99,Unknown,99,Unknown EMS Hospital Arrival Time,1
26,Michigan,260643,0,0,1,1,0,2,2,163,WAYNE (163),1260,DETROIT,8,August,22,22,2,Monday,2022,5,5:00am-5:59am,29,29,CADET ST,NA,6,Local Street - Municipality,2,Urban,7,Local,4,City or Municipal Highway Agency,0,This section IS NOT on the NHS,0,No Special Jurisdiction,2,2,42.31324167,42.31324167,-83.110125,-83.110125,19,Building,0,The First Harmful Event was Not a Collision with a Motor Vehicle in Transport,0,No,1,Non-Junction,1,Not an Intersection,5,Outside Trafficway,0,None,3,Dark - Lighted,1,Clear,0,No,0000000,Not Applicable,99,Unknown,99,Unknown,99,Unknown EMS Scene Arrival Hour,99,Unknown EMS Scene Arrival Minutes,99,Unknown,99,Unknown EMS Hospital Arrival Time,1
26,Michigan,260644,0,0,1,1,0,1,1,65,INGHAM (65),0,NOT APPLICABLE,9,September,30,30,6,Friday,2022,14,2:00pm-2:59pm,34,34,CR-DAKIN RD,NA,4,County Road,1,Rural,7,Local,2,County Highway Agency,0,This section IS NOT on the NHS,0,No Special Jurisdiction,3,3,42.54146667,42.54146667,-84.31955556,-84.31955556,42,Tree (Standing Only),0,The First Harmful Event was Not a Collision with a Motor Vehicle in Transport,0,No,1,Non-Junction,1,Not an Intersection,4,On Roadside,0,None,1,Daylight,1,Clear,0,No,0000000,Not Applicable,14,2:00pm-2:59pm,35,35,14,2:00pm-2:59pm,41,41,88,Not Applicable (Not Transported),88,Not Applicable (Not Transported),1
26,Michigan,260645,0,0,1,1,0,1,1,147,ST. CLAIR (147),4060,PORT HURON,8,August,27,27,7,Saturday,2022,14,2:00pm-2:59pm,27,27,13TH ST,NA,6,Local Street - Municipality,2,Urban,5,Major Collector,4,City or Municipal Highway Agency,0,This section IS NOT on the NHS,0,No Special Jurisdiction,11,11,42.978725,42.978725,-82.43826667,-82.43826667,33,Curb,0,The First Harmful Event was Not a Collision with a Motor Vehicle in Transport,0,No,1,Non-Junction,1,Not an Intersection,4,On Roadside,0,None,1,Daylight,1,Clear,0,No,0000000,Not Applicable,99,Unknown,98,Unknown if Notified,99,Unknown EMS Scene Arrival Hour,98,Unknown if Arrived,88,Not Applicable (Not Transported),88,Not Applicable (Not Transported),1
26,Michigan,260646,0,0,2,2,0,2,2,163,WAYNE (163),1260,DETROIT,9,September,29,29,5,Thursday,2022,18,6:00pm-6:59pm,3,3,CR-7 MILE RD,WISCONSIN ST,4,County Road,2,Urban,3,Principal Arterial - Other,2,County Highway Agency,1,This section IS ON the NHS,0,No Special Jurisdiction,141,141,42.43138056,42.43138056,-83.15768056,-83.15768056,12,Motor Vehicle In-Transport,2,Front-to-Front,0,No,2,Intersection,2,Four-Way Intersection,1,On Roadway,0,None,1,Daylight,1,Clear,0,No,0000000,Not Applicable,99,Unknown,99,Unknown,99,Unknown EMS Scene Arrival Hour,99,Unknown EMS Scene Arrival Minutes,88,Not Applicable (Not Transported),88,Not Applicable (Not Transported),1
26,Michigan,260647,0,0,2,2,0,2,2,45,EATON (45),0,NOT APPLICABLE,8,August,19,19,6,Friday,2022,14,2:00pm-2:59pm,5,5,CR-SAGINAW HWY,NA,4,County Road,2,Urban,7,Local,4,City or Municipal Highway Agency,0,This section IS NOT on the NHS,0,No Special Jurisdiction,111,111,42.74098889,42.74098889,-84.77511667,-84.77511667,12,Motor Vehicle In-Transport,1,Front-to-Rear,0,No,1,Non-Junction,1,Not an Intersection,1,On Roadway,0,None,1,Daylight,1,Clear,0,No,0000000,Not Applicable,14,2:00pm-2:59pm,5,5,14,2:00pm-2:59pm,11,11,99,Unknown,99,Unknown EMS Hospital Arrival Time,1
26,Michigan,260648,0,0,1,1,0,1,1,55,GRAND TRAVERSE (55),0,NOT APPLICABLE,8,August,21,21,1,Sunday,2022,20,8:00pm-8:59pm,45,45,CR-LONG LAKE RD,NA,4,County Road,2,Urban,4,Minor Arterial,2,County Highway Agency,0,This section IS NOT on the NHS,0,No Special Jurisdiction,106,106,44.75159444,44.75159444,-85.67069722,-85.67069722,31,"Post, Pole or Other Supports",0,The First Harmful Event was Not a Collision with a Motor Vehicle in Transport,0,No,1,Non-Junction,1,Not an Intersection,4,On Roadside,0,None,5,Dusk,1,Clear,0,No,0000000,Not Applicable,99,Unknown,99,Unknown,99,Unknown EMS Scene Arrival Hour,99,Unknown EMS Scene Arrival Minutes,99,Unknown,99,Unknown EMS Hospital Arrival Time,1
26,Michigan,260649,1,1,1,1,0,1,1,147,ST. CLAIR (147),0,NOT APPLICABLE,8,August,30,30,3,Tuesday,2022,22,10:00pm-10:59pm,48,48,CR-DOVE RD,NA,4,County Road,2,Urban,4,Minor Arterial,2,County Highway Agency,0,This section IS NOT on the NHS,0,No Special Jurisdiction,15,15,42.95160278,42.95160278,-82.47107778,-82.47107778,8,Pedestrian,0,The First Harmful Event was Not a Collision with a Motor Vehicle in Transport,0,No,1,Non-Junction,1,Not an Intersection,1,On Roadway,0,None,2,Dark - Not Lighted,1,Clear,0,No,0000000,Not Applicable,22,10:00pm-10:59pm,50,50,22,10:00pm-10:59pm,56,56,88,Not Applicable (Not Transported),88,Not Applicable (Not Transported),1
26,Michigan,260650,0,0,1,1,0,1,1,99,MACOMB (99),5110,WARREN,8,August,22,22,2,Monday,2022,3,3:00am-3:59am,45,45,SR-102 8 MILE RD,GROESBECK HWY,3,State Highway,2,Urban,3,Principal Arterial - Other,1,State Highway Agency,1,This section IS ON the NHS,0,No Special Jurisdiction,41,41,42.449375,42.449375,-83.002375,-83.002375,30,Utility Pole/Light Support,0,The First Harmful Event was Not a Collision with a Motor Vehicle in Transport,0,No,3,Intersection-Related,2,Four-Way Intersection,3,On Median,0,None,3,Dark - Lighted,1,Clear,0,No,0000000,Not Applicable,99,Unknown,98,Unknown if Notified,99,Unknown EMS Scene Arrival Hour,98,Unknown if Arrived,88,Not Applicable (Not Transported),88,Not Applicable (Not Transported),1
26,Michigan,260651,0,0,2,2,0,3,3,163,WAYNE (163),1720,FLAT ROCK,8,August,10,10,4,Wednesday,2022,12,12:00pm-12:59pm,13,13,SR-24 TELEGRAPH RD,NA,3,State Highway,2,Urban,3,Principal Arterial - Other,1,State Highway Agency,1,This section IS ON the NHS,0,No Special Jurisdiction,10,10,42.10819167,42.10819167,-83.28603056,-83.28603056,12,Motor Vehicle In-Transport,6,Angle,0,No,8,Driveway Access Related,1,Not an Intersection,1,On Roadway,0,None,1,Daylight,1,Clear,0,No,0000000,Not Applicable,12,12:00pm-12:59pm,16,16,12,12:00pm-12:59pm,19,19,99,Unknown,99,Unknown EMS Hospital Arrival Time,1
26,Michigan,260652,1,1,1,1,0,1,1,163,WAYNE (163),4166,REDFORD TOWNSHIP,8,August,15,15,2,Monday,2022,22,10:00pm-10:59pm,42,42,US-24 TELEGRAPH RD,5 MILE RD,2,US Highway,2,Urban,3,Principal Arterial - Other,1,State Highway Agency,1,This section IS ON the NHS,0,No Special Jurisdiction,214,214,42.40021667,42.40021667,-83.27643333,-83.27643333,9,Pedalcyclist,0,The First Harmful Event was Not a Collision with a Motor Vehicle in Transport,0,No,3,Intersection-Related,2,Four-Way Intersection,1,On Roadway,0,None,3,Dark - Lighted,1,Clear,0,No,0000000,Not Applicable,22,10:00pm-10:59pm,42,42,22,10:00pm-10:59pm,48,48,99,Unknown,99,Unknown EMS Hospital Arrival Time,1
26,Michigan,260653,0,0,1,1,0,1,1,83,KEWEENAW (83),97,ALLOUEZ,8,August,2,2,3,Tuesday,2022,16,4:00pm-4:59pm,15,15,CR-MOHAWK GAY RD,NA,4,County Road,1,Rural,5,Major Collector,2,County Highway Agency,0,This section IS NOT on the NHS,0,No Special Jurisdiction,1,1,47.28727222,47.28727222,-88.32095833,-88.32095833,1,Rollover/Overturn,0,The First Harmful Event was Not a Collision with a Motor Vehicle in Transport,0,No,1,Non-Junction,1,Not an Intersection,4,On Roadside,0,None,1,Daylight,1,Clear,0,No,0000000,Not Applicable,99,Unknown,98,Unknown if Notified,99,Unknown EMS Scene Arrival Hour,98,Unknown if Arrived,88,Not Applicable (Not Transported),88,Not Applicable (Not Transported),1
26,Michigan,260654,0,0,1,1,0,1,1,93,LIVINGSTON (93),2211,HARTLAND,8,August,20,20,7,Saturday,2022,1,1:00am-1:59am,47,47,CR-OLD US 23,NA,4,County Road,2,Urban,4,Minor Arterial,2,County Highway Agency,0,This section IS NOT on the NHS,0,No Special Jurisdiction,138,138,42.62168333,42.62168333,-83.75179444,-83.75179444,43,Other Fixed Object,0,The First Harmful Event was Not a Collision with a Motor Vehicle in Transport,0,No,1,Non-Junction,1,Not an Intersection,4,On Roadside,0,None,2,Dark - Not Lighted,1,Clear,0,No,0000000,Not Applicable,99,Unknown,99,Unknown,99,Unknown EMS Scene Arrival Hour,99,Unknown EMS Scene Arrival Minutes,88,Not Applicable (Not Transported),88,Not Applicable (Not Transported),1
26,Michigan,260655,0,0,1,1,0,1,1,131,ONTONAGON (131),2059,GREENLAND,8,August,26,26,6,Friday,2022,3,3:00am-3:59am,44,44,SR-38,NA,3,State Highway,1,Rural,4,Minor Arterial,1,State Highway Agency,0,This section IS NOT on the NHS,0,No Special Jurisdiction,20,20,46.77029444,46.77029444,-89.010975,-89.010975,42,Tree (Standing Only),0,The First Harmful Event was Not a Collision with a Motor Vehicle in Transport,0,No,1,Non-Junction,1,Not an Intersection,4,On Roadside,0,None,2,Dark - Not Lighted,5,"Fog, Smog, Smoke",0,No,0000000,Not Applicable,99,Unknown,99,Unknown,99,Unknown EMS Scene Arrival Hour,99,Unknown EMS Scene Arrival Minutes,88,Not Applicable (Not Transported),88,Not Applicable (Not Transported),1
26,Michigan,260656,0,0,2,2,0,3,3,125,OAKLAND (125),512,BLOOMFIELD VILLAGE,8,August,9,9,3,Tuesday,2022,14,2:00pm-2:59pm,49,49,US-25 S TELEGRAPH RD,ROSE BLVD,2,US Highway,2,Urban,3,Principal Arterial - Other,1,State Highway Agency,1,This section IS ON the NHS,0,No Special Jurisdiction,47,47,42.60989722,42.60989722,-83.30226667,-83.30226667,12,Motor Vehicle In-Transport,6,Angle,0,No,2,Intersection,2,Four-Way Intersection,1,On Roadway,0,None,1,Daylight,1,Clear,0,No,0000000,Not Applicable,14,2:00pm-2:59pm,50,50,14,2:00pm-2:59pm,54,54,99,Unknown,99,Unknown EMS Hospital Arrival Time,1
26,Michigan,260657,1,1,1,1,0,1,1,5,ALLEGAN (5),0,NOT APPLICABLE,8,August,12,12,6,Friday,2022,8,8:00am-8:59am,0,0,CR-102ND AVE,NA,4,County Road,1,Rural,5,Major Collector,2,County Highway Agency,0,This section IS NOT on the NHS,0,No Special Jurisdiction,14,14,42.43344167,42.43344167,-86.10198611,-86.10198611,9,Pedalcyclist,0,The First Harmful Event was Not a Collision with a Motor Vehicle in Transport,0,No,1,Non-Junction,1,Not an Intersection,1,On Roadway,0,None,1,Daylight,1,Clear,0,No,0000000,Not Applicable,99,Unknown,99,Unknown,99,Unknown EMS Scene Arrival Hour,99,Unknown EMS Scene Arrival Minutes,88,Not Applicable (Not Transported),88,Not Applicable (Not Transported),1
26,Michigan,260658,1,1,1,1,0,1,1,77,KALAMAZOO (77),2520,KALAMAZOO,8,August,27,27,7,Saturday,2022,2,2:00am-2:59am,47,47,MICHIGAN AVE,NA,6,Local Street - Municipality,2,Urban,4,Minor Arterial,4,City or Municipal Highway Agency,0,This section IS NOT on the NHS,0,No Special Jurisdiction,12,12,42.28129722,42.28129722,-85.62271389,-85.62271389,8,Pedestrian,0,The First Harmful Event was Not a Collision with a Motor Vehicle in Transport,0,No,1,Non-Junction,1,Not an Intersection,1,On Roadway,0,None,3,Dark - Lighted,1,Clear,0,No,0000000,Not Applicable,99,Unknown,99,Unknown,99,Unknown EMS Scene Arrival Hour,99,Unknown EMS Scene Arrival Minutes,99,Unknown,99,Unknown EMS Hospital Arrival Time,1
26,Michigan,260659,0,0,2,2,0,2,2,125,OAKLAND (125),4340,ROYAL OAK,9,September,4,4,1,Sunday,2022,22,10:00pm-10:59pm,55,55,I-75 RAMP 019G,NA,1,Interstate,2,Urban,1,Interstate,1,State Highway Agency,1,This section IS ON the NHS,0,No Special Jurisdiction,0,None,42.47592222,42.47592222,-83.11725556,-83.11725556,12,Motor Vehicle In-Transport,1,Front-to-Rear,1,Yes,5,Entrance/Exit Ramp Related,1,Not an Intersection,1,On Roadway,4,"Work Zone, Type Unknown",2,Dark - Not Lighted,1,Clear,0,No,0000000,Not Applicable,99,Unknown,99,Unknown,99,Unknown EMS Scene Arrival Hour,99,Unknown EMS Scene Arrival Minutes,99,Unknown,99,Unknown EMS Hospital Arrival Time,1
26,Michigan,260660,0,0,1,1,0,1,1,81,KENT (81),2010,GRAND RAPIDS,9,September,3,3,7,Saturday,2022,3,3:00am-3:59am,42,42,SR-11 28TH ST SE,NA,3,State Highway,2,Urban,3,Principal Arterial - Other,1,State Highway Agency,1,This section IS ON the NHS,0,No Special Jurisdiction,131,131,42.91284444,42.91284444,-85.64075,-85.64075,40,Fire Hydrant,0,The First Harmful Event was Not a Collision with a Motor Vehicle in Transport,0,No,1,Non-Junction,1,Not an Intersection,4,On Roadside,0,None,3,Dark - Lighted,1,Clear,0,No,0000000,Not Applicable,3,3:00am-3:59am,42,42,3,3:00am-3:59am,52,52,99,Unknown,99,Unknown EMS Hospital Arrival Time,1
26,Michigan,260661,0,0,2,2,0,2,2,107,MECOSTA (107),0,NOT APPLICABLE,9,September,12,12,2,Monday,2022,20,8:00pm-8:59pm,55,55,US-131,NA,2,US Highway,1,Rural,2,Principal Arterial - Other Freeways and Expressways,1,State Highway Agency,1,This section IS ON the NHS,0,No Special Jurisdiction,23,23,43.50039167,43.50039167,-85.48674167,-85.48674167,12,Motor Vehicle In-Transport,1,Front-to-Rear,0,No,1,Non-Junction,1,Not an Intersection,1,On Roadway,0,None,2,Dark - Not Lighted,1,Clear,0,No,0000000,Not Applicable,20,8:00pm-8:59pm,58,58,21,9:00pm-9:59pm,1,1,99,Unknown,99,Unknown EMS Hospital Arrival Time,1
26,Michigan,260662,0,0,1,1,0,1,1,21,BERRIEN (21),0,NOT APPLICABLE,8,August,9,9,3,Tuesday,2022,6,6:00am-6:59am,15,15,SR-140 WATERVLIET RD,EUREKA RD,3,State Highway,1,Rural,5,Major Collector,1,State Highway Agency,0,This section IS NOT on the NHS,0,No Special Jurisdiction,10,10,41.99922222,41.99922222,-86.26156389,-86.26156389,1,Rollover/Overturn,0,The First Harmful Event was Not a Collision with a Motor Vehicle in Transport,0,No,3,Intersection-Related,2,Four-Way Intersection,4,On Roadside,0,None,4,Dawn,5,"Fog, Smog, Smoke",0,No,0000000,Not Applicable,6,6:00am-6:59am,17,17,6,6:00am-6:59am,30,30,88,Not Applicable (Not Transported),88,Not Applicable (Not Transported),1
26,Michigan,260663,0,0,2,2,0,2,2,163,WAYNE (163),1260,DETROIT,8,August,7,7,1,Sunday,2022,2,2:00am-2:59am,15,15,I-94,NA,1,Interstate,2,Urban,1,Interstate,1,State Highway Agency,1,This section IS ON the NHS,0,No Special Jurisdiction,262,262,42.35125556,42.35125556,-83.09610833,-83.09610833,12,Motor Vehicle In-Transport,1,Front-to-Rear,1,Yes,18,Through Roadway,1,Not an Intersection,1,On Roadway,4,"Work Zone, Type Unknown",3,Dark - Lighted,1,Clear,0,No,0000000,Not Applicable,99,Unknown,99,Unknown,2,2:00am-2:59am,36,36,88,Not Applicable (Not Transported),88,Not Applicable (Not Transported),1
26,Michigan,260664,0,0,1,1,0,1,1,115,MONROE (115),2723,LA SALLE,9,September,14,14,4,Wednesday,2022,21,9:00pm-9:59pm,46,46,CR-MILAN-OAKVILLE RD,NA,4,County Road,1,Rural,4,Minor Arterial,2,County Highway Agency,0,This section IS NOT on the NHS,0,No Special Jurisdiction,3,3,42.07956944,42.07956944,-83.57493056,-83.57493056,34,Ditch,0,The First Harmful Event was Not a Collision with a Motor Vehicle in Transport,0,No,1,Non-Junction,1,Not an Intersection,4,On Roadside,0,None,2,Dark - Not Lighted,1,Clear,0,No,0000000,Not Applicable,23,11:00pm-11:59pm,42,42,23,11:00pm-11:59pm,55,55,88,Not Applicable (Not Transported),88,Not Applicable (Not Transported),1
26,Michigan,260665,1,1,1,1,0,2,2,5,ALLEGAN (5),0,NOT APPLICABLE,8,August,10,10,4,Wednesday,2022,10,10:00am-10:59am,0,0,CR-MARSH RD,NA,4,County Road,1,Rural,5,Major Collector,2,County Highway Agency,0,This section IS NOT on the NHS,0,No Special Jurisdiction,78,78,42.47153333,42.47153333,-85.58888056,-85.58888056,8,Pedestrian,0,The First Harmful Event was Not a Collision with a Motor Vehicle in Transport,0,No,8,Driveway Access Related,1,Not an Intersection,1,On Roadway,0,None,1,Daylight,10,Cloudy,0,No,0000000,Not Applicable,99,Unknown,99,Unknown,99,Unknown EMS Scene Arrival Hour,99,Unknown EMS Scene Arrival Minutes,88,Not Applicable (Not Transported),88,Not Applicable (Not Transported),1
26,Michigan,260666,0,0,1,1,0,1,1,163,WAYNE (163),1260,DETROIT,8,August,17,17,4,Wednesday,2022,21,9:00pm-9:59pm,59,59,I-96 LOCAL,NA,1,Interstate,2,Urban,1,Interstate,1,State Highway Agency,1,This section IS ON the NHS,0,No Special Jurisdiction,7,7,42.38109444,42.38109444,-83.23732222,-83.23732222,1,Rollover/Overturn,0,The First Harmful Event was Not a Collision with a Motor Vehicle in Transport,0,No,1,Non-Junction,1,Not an Intersection,3,On Median,0,None,3,Dark - Lighted,1,Clear,0,No,0000000,Not Applicable,22,10:00pm-10:59pm,0,0,22,10:00pm-10:59pm,5,5,88,Not Applicable (Not Transported),88,Not Applicable (Not Transported),1
26,Michigan,260667,0,0,2,2,0,4,4,159,VAN BUREN (159),0,NOT APPLICABLE,8,August,5,5,6,Friday,2022,5,5:00am-5:59am,10,10,CR-681,TERRITORIAL RD,4,County Road,1,Rural,5,Major Collector,2,County Highway Agency,0,This section IS NOT on the NHS,0,No Special Jurisdiction,21,21,42.11948889,42.11948889,-86.10808333,-86.10808333,12,Motor Vehicle In-Transport,6,Angle,0,No,2,Intersection,2,Four-Way Intersection,1,On Roadway,0,None,2,Dark - Not Lighted,5,"Fog, Smog, Smoke",0,No,0000000,Not Applicable,99,Unknown,99,Unknown,5,5:00am-5:59am,35,35,99,Unknown,99,Unknown EMS Hospital Arrival Time,1
26,Michigan,260668,0,0,1,1,0,1,1,161,WASHTENAW (161),0,NOT APPLICABLE,8,August,12,12,6,Friday,2022,23,11:00pm-11:59pm,35,35,I-94,NA,1,Interstate,2,Urban,1,Interstate,1,State Highway Agency,1,This section IS ON the NHS,0,No Special Jurisdiction,156,156,42.28947222,42.28947222,-83.83114722,-83.83114722,42,Tree (Standing Only),0,The First Harmful Event was Not a Collision with a Motor Vehicle in Transport,0,No,1,Non-Junction,1,Not an Intersection,4,On Roadside,0,None,2,Dark - Not Lighted,1,Clear,0,No,0000000,Not Applicable,99,Unknown,99,Unknown,99,Unknown EMS Scene Arrival Hour,99,Unknown EMS Scene Arrival Minutes,88,Not Applicable (Not Transported),88,Not Applicable (Not Transported),1
26,Michigan,260669,0,0,2,2,0,2,2,135,OSCODA (135),0,NOT APPLICABLE,9,September,20,20,3,Tuesday,2022,19,7:00pm-7:59pm,26,26,CR-HELMER LAKE RD,BLAMER RD,4,County Road,1,Rural,7,Local,2,County Highway Agency,0,This section IS NOT on the NHS,0,No Special Jurisdiction,12,12,44.739425,44.739425,-84.08630278,-84.08630278,12,Motor Vehicle In-Transport,7,Sideswipe - Same Direction,0,No,2,Intersection,3,T-Intersection,1,On Roadway,0,None,1,Daylight,1,Clear,0,No,0000000,Not Applicable,19,7:00pm-7:59pm,28,28,19,7:00pm-7:59pm,37,37,99,Unknown,99,Unknown EMS Hospital Arrival Time,1
26,Michigan,260670,0,0,1,1,0,1,1,35,CLARE (35),0,NOT APPLICABLE,9,September,22,22,5,Thursday,2022,18,6:00pm-6:59pm,27,27,CR-E TOWNLINE LAKE RD,NA,4,County Road,1,Rural,5,Major Collector,2,County Highway Agency,0,This section IS NOT on the NHS,0,No Special Jurisdiction,43,43,44.03178611,44.03178611,-84.76355,-84.76355,53,Mail Box,0,The First Harmful Event was Not a Collision with a Motor Vehicle in Transport,0,No,1,Non-Junction,1,Not an Intersection,4,On Roadside,0,None,1,Daylight,1,Clear,0,No,0000000,Not Applicable,18,6:00pm-6:59pm,31,31,18,6:00pm-6:59pm,36,36,88,Not Applicable (Not Transported),88,Not Applicable (Not Transported),1
26,Michigan,260671,0,0,2,2,0,4,4,125,OAKLAND (125),4251,ROCHESTER HILLS,9,September,20,20,3,Tuesday,2022,11,11:00am-11:59am,17,17,CR-W AVON RD,S ADAMS RD,4,County Road,2,Urban,4,Minor Arterial,2,County Highway Agency,0,This section IS NOT on the NHS,0,No Special Jurisdiction,0,None,42.66542778,42.66542778,-83.19257778,-83.19257778,12,Motor Vehicle In-Transport,6,Angle,0,No,2,Intersection,3,T-Intersection,1,On Roadway,0,None,1,Daylight,1,Clear,0,No,0000000,Not Applicable,11,11:00am-11:59am,19,19,11,11:00am-11:59am,24,24,99,Unknown,99,Unknown EMS Hospital Arrival Time,1
26,Michigan,260672,0,0,2,2,0,5,5,77,KALAMAZOO (77),4030,PORTAGE,8,August,19,19,6,Friday,2022,17,5:00pm-5:59pm,37,37,I-94,NA,1,Interstate,2,Urban,1,Interstate,1,State Highway Agency,1,This section IS ON the NHS,0,No Special Jurisdiction,77,77,42.23776944,42.23776944,-85.62085556,-85.62085556,12,Motor Vehicle In-Transport,1,Front-to-Rear,1,Yes,17,Acceleration/Deceleration Lane,1,Not an Intersection,1,On Roadway,0,None,1,Daylight,1,Clear,0,No,0000000,Not Applicable,17,5:00pm-5:59pm,39,39,17,5:00pm-5:59pm,40,40,99,Unknown,99,Unknown EMS Hospital Arrival Time,1
26,Michigan,260673,1,1,1,1,0,2,2,159,VAN BUREN (159),1960,GOBLES,8,August,30,30,3,Tuesday,2022,19,7:00pm-7:59pm,40,40,MILL LAKE RD,NA,6,Local Street - Municipality,1,Rural,7,Local,4,City or Municipal Highway Agency,0,This section IS NOT on the NHS,0,No Special Jurisdiction,14,14,42.36818333,42.36818333,-85.87995556,-85.87995556,8,Pedestrian,0,The First Harmful Event was Not a Collision with a Motor Vehicle in Transport,0,No,1,Non-Junction,1,Not an Intersection,1,On Roadway,0,None,1,Daylight,1,Clear,0,No,0000000,Not Applicable,99,Unknown,99,Unknown,99,Unknown EMS Scene Arrival Hour,99,Unknown EMS Scene Arrival Minutes,88,Not Applicable (Not Transported),88,Not Applicable (Not Transported),1
26,Michigan,260674,1,1,1,1,0,1,1,9,ANTRIM (9),0,NOT APPLICABLE,8,August,19,19,6,Friday,2022,23,11:00pm-11:59pm,3,3,SR-88,NA,3,State Highway,1,Rural,4,Minor Arterial,1,State Highway Agency,0,This section IS NOT on the NHS,0,No Special Jurisdiction,71,71,44.92451944,44.92451944,-85.18528889,-85.18528889,8,Pedestrian,0,The First Harmful Event was Not a Collision with a Motor Vehicle in Transport,0,No,1,Non-Junction,1,Not an Intersection,1,On Roadway,0,None,3,Dark - Lighted,1,Clear,0,No,0000000,Not Applicable,99,Unknown,99,Unknown,99,Unknown EMS Scene Arrival Hour,99,Unknown EMS Scene Arrival Minutes,88,Not Applicable (Not Transported),88,Not Applicable (Not Transported),1
26,Michigan,260675,0,0,3,3,0,4,4,117,MONTCALM (117),2680,LAKEVIEW,8,August,15,15,2,Monday,2022,15,3:00pm-3:59pm,7,7,SR-46 HOWARD CITY-EDMORE RD,NA,3,State Highway,1,Rural,3,Principal Arterial - Other,1,State Highway Agency,1,This section IS ON the NHS,0,No Special Jurisdiction,107,107,43.43155278,43.43155278,-85.26656111,-85.26656111,12,Motor Vehicle In-Transport,1,Front-to-Rear,0,No,8,Driveway Access Related,1,Not an Intersection,1,On Roadway,0,None,1,Daylight,1,Clear,0,No,0000000,Not Applicable,15,3:00pm-3:59pm,9,9,15,3:00pm-3:59pm,17,17,88,Not Applicable (Not Transported),88,Not Applicable (Not Transported),1
26,Michigan,260676,1,1,1,1,0,1,1,125,OAKLAND (125),512,BLOOMFIELD VILLAGE,1,January,30,30,1,Sunday,2022,13,1:00pm-1:59pm,22,22,NONE,NA,8,Other,6,Trafficway Not in State Inventory,96,Trafficway Not in State Inventory,96,Trafficway Not in State Inventory,0,This section IS NOT on the NHS,0,No Special Jurisdiction,70,70,42.54366667,42.54366667,-83.28638889,-83.28638889,8,Pedestrian,0,The First Harmful Event was Not a Collision with a Motor Vehicle in Transport,0,No,1,Non-Junction,1,Not an Intersection,5,Outside Trafficway,0,None,1,Daylight,1,Clear,0,No,0000000,Not Applicable,99,Unknown,99,Unknown,99,Unknown EMS Scene Arrival Hour,99,Unknown EMS Scene Arrival Minutes,99,Unknown,99,Unknown EMS Hospital Arrival Time,1
26,Michigan,260677,0,0,2,2,0,2,2,163,WAYNE (163),1260,DETROIT,8,August,14,14,1,Sunday,2022,1,1:00am-1:59am,50,50,FRENCH RD,NA,6,Local Street - Municipality,2,Urban,5,Major Collector,4,City or Municipal Highway Agency,0,This section IS NOT on the NHS,0,No Special Jurisdiction,10,10,42.38961111,42.38961111,-82.99389444,-82.99389444,12,Motor Vehicle In-Transport,1,Front-to-Rear,0,No,1,Non-Junction,1,Not an Intersection,1,On Roadway,0,None,3,Dark - Lighted,1,Clear,0,No,0000000,Not Applicable,99,Unknown,99,Unknown,99,Unknown EMS Scene Arrival Hour,99,Unknown EMS Scene Arrival Minutes,99,Unknown,99,Unknown EMS Hospital Arrival Time,1
26,Michigan,260678,0,0,1,1,0,1,1,125,OAKLAND (125),4251,ROCHESTER HILLS,9,September,20,20,3,Tuesday,2022,0,0:00am-0:59am,25,25,CR-N ADAMS RD,NA,4,County Road,2,Urban,4,Minor Arterial,2,County Highway Agency,0,This section IS NOT on the NHS,0,No Special Jurisdiction,112,112,42.69051389,42.69051389,-83.19437222,-83.19437222,32,Culvert,0,The First Harmful Event was Not a Collision with a Motor Vehicle in Transport,0,No,1,Non-Junction,1,Not an Intersection,4,On Roadside,0,None,2,Dark - Not Lighted,10,Cloudy,0,No,0000000,Not Applicable,0,0:00am-0:59am,28,28,0,0:00am-0:59am,36,36,99,Unknown,99,Unknown EMS Hospital Arrival Time,1
26,Michigan,260679,0,0,1,1,0,1,1,137,OTSEGO (137),0,NOT APPLICABLE,9,September,29,29,5,Thursday,2022,20,8:00pm-8:59pm,44,44,CR-ALBA RD,NA,4,County Road,1,Rural,4,Minor Arterial,2,County Highway Agency,0,This section IS NOT on the NHS,0,No Special Jurisdiction,2,2,45.02960556,45.02960556,-84.84636389,-84.84636389,1,Rollover/Overturn,0,The First Harmful Event was Not a Collision with a Motor Vehicle in Transport,0,No,1,Non-Junction,1,Not an Intersection,4,On Roadside,0,None,2,Dark - Not Lighted,1,Clear,0,No,0000000,Not Applicable,20,8:00pm-8:59pm,44,44,20,8:00pm-8:59pm,50,50,99,Unknown,99,Unknown EMS Hospital Arrival Time,1
26,Michigan,260680,0,0,2,2,0,2,2,81,KENT (81),2010,GRAND RAPIDS,9,September,30,30,6,Friday,2022,20,8:00pm-8:59pm,5,5,SR-44 E BELTLINE AVE NE,NA,3,State Highway,2,Urban,3,Principal Arterial - Other,1,State Highway Agency,1,This section IS ON the NHS,0,No Special Jurisdiction,145,145,43.00216944,43.00216944,-85.59016667,-85.59016667,12,Motor Vehicle In-Transport,1,Front-to-Rear,0,No,1,Non-Junction,1,Not an Intersection,1,On Roadway,0,None,5,Dusk,10,Cloudy,0,No,0000000,Not Applicable,20,8:00pm-8:59pm,7,7,20,8:00pm-8:59pm,16,16,99,Unknown,99,Unknown EMS Hospital Arrival Time,1
26,Michigan,260681,1,1,1,1,0,1,1,81,KENT (81),5319,WYOMING,9,September,17,17,7,Saturday,2022,0,0:00am-0:59am,29,29,SR-11 28TH ST SW,NA,3,State Highway,2,Urban,3,Principal Arterial - Other,1,State Highway Agency,1,This section IS ON the NHS,0,No Special Jurisdiction,117,117,42.91315556,42.91315556,-85.66708889,-85.66708889,8,Pedestrian,0,The First Harmful Event was Not a Collision with a Motor Vehicle in Transport,0,No,1,Non-Junction,1,Not an Intersection,1,On Roadway,0,None,3,Dark - Lighted,1,Clear,0,No,0000000,Not Applicable,0,0:00am-0:59am,30,30,0,0:00am-0:59am,34,34,99,Unknown,99,Unknown EMS Hospital Arrival Time,1
26,Michigan,260682,1,1,1,1,0,1,1,159,VAN BUREN (159),3850,PAW PAW,9,September,29,29,5,Thursday,2022,5,5:00am-5:59am,47,47,I-94,NA,1,Interstate,2,Urban,1,Interstate,1,State Highway Agency,1,This section IS ON the NHS,0,No Special Jurisdiction,176,176,42.20640833,42.20640833,-85.88791389,-85.88791389,8,Pedestrian,0,The First Harmful Event was Not a Collision with a Motor Vehicle in Transport,0,No,1,Non-Junction,1,Not an Intersection,1,On Roadway,0,None,2,Dark - Not Lighted,1,Clear,0,No,0000000,Not Applicable,99,Unknown,99,Unknown,99,Unknown EMS Scene Arrival Hour,99,Unknown EMS Scene Arrival Minutes,88,Not Applicable (Not Transported),88,Not Applicable (Not Transported),1
26,Michigan,260683,0,0,1,1,0,2,2,163,WAYNE (163),1260,DETROIT,9,September,25,25,1,Sunday,2022,18,6:00pm-6:59pm,30,30,I-96,NA,1,Interstate,2,Urban,1,Interstate,1,State Highway Agency,1,This section IS ON the NHS,0,No Special Jurisdiction,15,15,42.36530556,42.36530556,-83.13283611,-83.13283611,39,Wall,0,The First Harmful Event was Not a Collision with a Motor Vehicle in Transport,0,No,1,Non-Junction,1,Not an Intersection,4,On Roadside,0,None,1,Daylight,1,Clear,0,No,0000000,Not Applicable,99,Unknown,99,Unknown,99,Unknown EMS Scene Arrival Hour,99,Unknown EMS Scene Arrival Minutes,99,Unknown,99,Unknown EMS Hospital Arrival Time,2
26,Michigan,260684,0,0,3,3,0,3,3,145,SAGINAW (145),0,NOT APPLICABLE,9,September,29,29,5,Thursday,2022,9,9:00am-9:59am,32,32,SR-83 N GERA RD,W VASSAR RD,3,State Highway,1,Rural,4,Minor Arterial,1,State Highway Agency,0,This section IS NOT on the NHS,0,No Special Jurisdiction,146,146,43.43050278,43.43050278,-83.73799444,-83.73799444,12,Motor Vehicle In-Transport,1,Front-to-Rear,0,No,3,Intersection-Related,2,Four-Way Intersection,1,On Roadway,0,None,1,Daylight,1,Clear,0,No,0000000,Not Applicable,99,Unknown,99,Unknown,99,Unknown EMS Scene Arrival Hour,99,Unknown EMS Scene Arrival Minutes,99,Unknown,99,Unknown EMS Hospital Arrival Time,1
26,Michigan,260685,0,0,2,2,0,2,2,149,ST JOSEPH (149),0,NOT APPLICABLE,9,September,9,9,6,Friday,2022,22,10:00pm-10:59pm,16,16,US-31,QUARTERLINE RD,2,US Highway,1,Rural,3,Principal Arterial - Other,1,State Highway Agency,1,This section IS ON the NHS,0,No Special Jurisdiction,22,22,41.84550278,41.84550278,-85.67869444,-85.67869444,12,Motor Vehicle In-Transport,6,Angle,0,No,2,Intersection,2,Four-Way Intersection,1,On Roadway,0,None,2,Dark - Not Lighted,1,Clear,0,No,0000000,Not Applicable,99,Unknown,99,Unknown,99,Unknown EMS Scene Arrival Hour,99,Unknown EMS Scene Arrival Minutes,99,Unknown,99,Unknown EMS Hospital Arrival Time,1
26,Michigan,260686,0,0,1,1,0,1,1,161,WASHTENAW (161),0,NOT APPLICABLE,9,September,24,24,7,Saturday,2022,6,6:00am-6:59am,0,0,CR-PLEASANT LAKE RD,NA,4,County Road,1,Rural,5,Major Collector,2,County Highway Agency,0,This section IS NOT on the NHS,0,No Special Jurisdiction,58,58,42.20525833,42.20525833,-83.98594722,-83.98594722,42,Tree (Standing Only),0,The First Harmful Event was Not a Collision with a Motor Vehicle in Transport,0,No,1,Non-Junction,1,Not an Intersection,4,On Roadside,0,None,2,Dark - Not Lighted,2,Rain,0,No,0000000,Not Applicable,99,Unknown,99,Unknown,99,Unknown EMS Scene Arrival Hour,99,Unknown EMS Scene Arrival Minutes,99,Unknown,99,Unknown EMS Hospital Arrival Time,1
26,Michigan,260687,0,0,3,3,0,6,6,147,ST. CLAIR (147),0,NOT APPLICABLE,9,September,29,29,5,Thursday,2022,20,8:00pm-8:59pm,49,49,SR-136,WILDCAT,3,State Highway,1,Rural,4,Minor Arterial,1,State Highway Agency,0,This section IS NOT on the NHS,0,No Special Jurisdiction,97,97,43.05206389,43.05206389,-82.57623333,-82.57623333,12,Motor Vehicle In-Transport,6,Angle,0,No,2,Intersection,3,T-Intersection,1,On Roadway,0,None,2,Dark - Not Lighted,1,Clear,0,No,0000000,Not Applicable,20,8:00pm-8:59pm,50,50,20,8:00pm-8:59pm,56,56,99,Unknown,99,Unknown EMS Hospital Arrival Time,1
26,Michigan,260688,0,0,3,3,0,3,3,163,WAYNE (163),0,NOT APPLICABLE,9,September,30,30,6,Friday,2022,9,9:00am-9:59am,23,23,CR-W ECORSE RD,N BELLEVILLE RD,4,County Road,2,Urban,4,Minor Arterial,2,County Highway Agency,0,This section IS NOT on the NHS,0,No Special Jurisdiction,31,31,42.2484,42.2484,-83.48632778,-83.48632778,12,Motor Vehicle In-Transport,6,Angle,0,No,2,Intersection,2,Four-Way Intersection,1,On Roadway,0,None,1,Daylight,10,Cloudy,0,No,0000000,Not Applicable,99,Unknown,99,Unknown,99,Unknown EMS Scene Arrival Hour,99,Unknown EMS Scene Arrival Minutes,88,Not Applicable (Not Transported),88,Not Applicable (Not Transported),1
26,Michigan,260689,0,0,2,2,0,3,3,151,SANILAC (151),0,NOT APPLICABLE,7,July,1,1,6,Friday,2022,17,5:00pm-5:59pm,55,55,SR-25 LAKESHRE RD,GALBRAITH LINE RD,3,State Highway,2,Urban,3,Principal Arterial - Other,1,State Highway Agency,1,This section IS ON the NHS,0,No Special Jurisdiction,20,20,43.19736667,43.19736667,-82.51605,-82.51605,12,Motor Vehicle In-Transport,6,Angle,0,No,2,Intersection,2,Four-Way Intersection,1,On Roadway,0,None,1,Daylight,10,Cloudy,0,No,0000000,Not Applicable,18,6:00pm-6:59pm,0,0,18,6:00pm-6:59pm,14,14,88,Not Applicable (Not Transported),88,Not Applicable (Not Transported),1
26,Michigan,260690,0,0,1,1,0,1,1,17,BAY (17),0,NOT APPLICABLE,7,July,15,15,6,Friday,2022,15,3:00pm-3:59pm,44,44,CR-2 MILE RD,NA,4,County Road,2,Urban,4,Minor Arterial,2,County Highway Agency,0,This section IS NOT on the NHS,0,No Special Jurisdiction,18,18,43.62435556,43.62435556,-83.93155,-83.93155,30,Utility Pole/Light Support,0,The First Harmful Event was Not a Collision with a Motor Vehicle in Transport,0,No,1,Non-Junction,1,Not an Intersection,4,On Roadside,0,None,1,Daylight,1,Clear,0,No,0000000,Not Applicable,15,3:00pm-3:59pm,47,47,15,3:00pm-3:59pm,51,51,99,Unknown,99,Unknown EMS Hospital Arrival Time,1
26,Michigan,260691,1,1,1,1,0,3,3,163,WAYNE (163),1260,DETROIT,8,August,3,3,4,Wednesday,2022,20,8:00pm-8:59pm,40,40,MORANG ST,NOTTINGHAM RD,6,Local Street - Municipality,2,Urban,4,Minor Arterial,4,City or Municipal Highway Agency,0,This section IS NOT on the NHS,0,No Special Jurisdiction,7,7,42.42388056,42.42388056,-82.94455,-82.94455,8,Pedestrian,0,The First Harmful Event was Not a Collision with a Motor Vehicle in Transport,0,No,3,Intersection-Related,3,T-Intersection,1,On Roadway,0,None,3,Dark - Lighted,2,Rain,0,No,0000000,Not Applicable,99,Unknown,99,Unknown,99,Unknown EMS Scene Arrival Hour,99,Unknown EMS Scene Arrival Minutes,99,Unknown,99,Unknown EMS Hospital Arrival Time,1
26,Michigan,260692,0,0,1,1,0,3,3,77,KALAMAZOO (77),2520,KALAMAZOO,8,August,29,29,2,Monday,2022,18,6:00pm-6:59pm,39,39,CORK ST,NA,6,Local Street - Municipality,2,Urban,4,Minor Arterial,4,City or Municipal Highway Agency,0,This section IS NOT on the NHS,0,No Special Jurisdiction,20,20,42.25947222,42.25947222,-85.55085556,-85.55085556,30,Utility Pole/Light Support,0,The First Harmful Event was Not a Collision with a Motor Vehicle in Transport,0,No,1,Non-Junction,1,Not an Intersection,4,On Roadside,0,None,1,Daylight,1,Clear,0,No,0000000,Not Applicable,99,Unknown,99,Unknown,99,Unknown EMS Scene Arrival Hour,99,Unknown EMS Scene Arrival Minutes,99,Unknown,99,Unknown EMS Hospital Arrival Time,1
26,Michigan,260693,0,0,1,1,0,1,1,123,NEWAYGO (123),0,NOT APPLICABLE,8,August,29,29,2,Monday,2022,12,12:00pm-12:59pm,36,36,SR-20 BASELINE RD,NA,3,State Highway,1,Rural,4,Minor Arterial,1,State Highway Agency,0,This section IS NOT on the NHS,0,No Special Jurisdiction,53,53,43.554825,43.554825,-85.69892222,-85.69892222,42,Tree (Standing Only),0,The First Harmful Event was Not a Collision with a Motor Vehicle in Transport,0,No,1,Non-Junction,1,Not an Intersection,4,On Roadside,0,None,1,Daylight,1,Clear,0,No,0000000,Not Applicable,99,Unknown,99,Unknown,99,Unknown EMS Scene Arrival Hour,99,Unknown EMS Scene Arrival Minutes,88,Not Applicable (Not Transported),88,Not Applicable (Not Transported),1
26,Michigan,260694,1,1,1,1,0,1,1,163,WAYNE (163),4975,VAN BOWEN,9,September,30,30,6,Friday,2022,6,6:00am-6:59am,55,55,CR-ECORSE RD,NA,4,County Road,1,Rural,4,Minor Arterial,2,County Highway Agency,0,This section IS NOT on the NHS,0,No Special Jurisdiction,31,31,42.24820556,42.24820556,-83.48611111,-83.48611111,9,Pedalcyclist,0,The First Harmful Event was Not a Collision with a Motor Vehicle in Transport,0,No,1,Non-Junction,1,Not an Intersection,1,On Roadway,0,None,2,Dark - Not Lighted,10,Cloudy,0,No,0000000,Not Applicable,99,Unknown,99,Unknown,99,Unknown EMS Scene Arrival Hour,99,Unknown EMS Scene Arrival Minutes,99,Unknown,99,Unknown EMS Hospital Arrival Time,1
26,Michigan,260695,0,0,1,1,0,1,1,63,HURON (63),0,NOT APPLICABLE,9,September,4,4,1,Sunday,2022,6,6:00am-6:59am,48,48,SR-53 VAN  DYKE RD,NA,3,State Highway,1,Rural,4,Minor Arterial,1,State Highway Agency,0,This section IS NOT on the NHS,0,No Special Jurisdiction,240,240,44.023725,44.023725,-82.99535833,-82.99535833,11,Live Animal,0,The First Harmful Event was Not a Collision with a Motor Vehicle in Transport,0,No,1,Non-Junction,1,Not an Intersection,1,On Roadway,0,None,4,Dawn,99,Reported as Unknown,0,No,0000000,Not Applicable,6,6:00am-6:59am,50,50,6,6:00am-6:59am,56,56,88,Not Applicable (Not Transported),88,Not Applicable (Not Transported),1
26,Michigan,260696,0,0,1,1,0,2,2,125,OAKLAND (125),4020,PONTIAC,9,September,4,4,1,Sunday,2022,1,1:00am-1:59am,45,45,SR-75 WOODWARD AVE,NA,3,State Highway,2,Urban,3,Principal Arterial - Other,1,State Highway Agency,1,This section IS ON the NHS,0,No Special Jurisdiction,8,8,42.62966389,42.62966389,-83.28881667,-83.28881667,1,Rollover/Overturn,0,The First Harmful Event was Not a Collision with a Motor Vehicle in Transport,0,No,1,Non-Junction,1,Not an Intersection,4,On Roadside,0,None,3,Dark - Lighted,8,Other,0,No,0000000,Not Applicable,1,1:00am-1:59am,53,53,1,1:00am-1:59am,56,56,99,Unknown,99,Unknown EMS Hospital Arrival Time,1
26,Michigan,260697,0,0,2,1,1,1,1,99,MACOMB (99),850,CENTER LINE,9,September,4,4,1,Sunday,2022,22,10:00pm-10:59pm,1,1,KALTZ AVE,NA,6,Local Street - Municipality,2,Urban,7,Local,4,City or Municipal Highway Agency,0,This section IS NOT on the NHS,0,No Special Jurisdiction,3,3,42.47404167,42.47404167,-83.02058056,-83.02058056,42,Tree (Standing Only),0,The First Harmful Event was Not a Collision with a Motor Vehicle in Transport,0,No,1,Non-Junction,1,Not an Intersection,4,On Roadside,0,None,3,Dark - Lighted,10,Cloudy,0,No,0000000,Not Applicable,22,10:00pm-10:59pm,5,5,22,10:00pm-10:59pm,10,10,99,Unknown,99,Unknown EMS Hospital Arrival Time,1
26,Michigan,260698,1,1,1,1,0,1,1,147,ST. CLAIR (147),1758,FORT GRATIOT,9,September,10,10,7,Saturday,2022,21,9:00pm-9:59pm,54,54,SR-25 24TH ST,KRAFFT RD,3,State Highway,2,Urban,3,Principal Arterial - Other,1,State Highway Agency,1,This section IS ON the NHS,0,No Special Jurisdiction,5,5,43.02882778,43.02882778,-82.45611111,-82.45611111,8,Pedestrian,0,The First Harmful Event was Not a Collision with a Motor Vehicle in Transport,0,No,3,Intersection-Related,2,Four-Way Intersection,1,On Roadway,0,None,3,Dark - Lighted,1,Clear,0,No,0000000,Not Applicable,21,9:00pm-9:59pm,56,56,22,10:00pm-10:59pm,3,3,88,Not Applicable (Not Transported),88,Not Applicable (Not Transported),1
26,Michigan,260699,1,1,1,1,0,1,1,125,OAKLAND (125),0,NOT APPLICABLE,9,September,7,7,4,Wednesday,2022,11,11:00am-11:59am,14,14,CR-KIER RD,NA,4,County Road,1,Rural,7,Local,2,County Highway Agency,0,This section IS NOT on the NHS,0,No Special Jurisdiction,18,18,42.78926667,42.78926667,-83.45333889,-83.45333889,8,Pedestrian,0,The First Harmful Event was Not a Collision with a Motor Vehicle in Transport,0,No,1,Non-Junction,1,Not an Intersection,1,On Roadway,0,None,1,Daylight,1,Clear,0,No,0000000,Not Applicable,11,11:00am-11:59am,16,16,11,11:00am-11:59am,21,21,88,Not Applicable (Not Transported),88,Not Applicable (Not Transported),1
26,Michigan,260700,1,1,1,1,0,1,1,163,WAYNE (163),1260,DETROIT,9,September,5,5,2,Monday,2022,1,1:00am-1:59am,0,0,I-94,NA,1,Interstate,2,Urban,1,Interstate,1,State Highway Agency,1,This section IS ON the NHS,0,No Special Jurisdiction,318,318,42.39186111,42.39186111,-83.00415,-83.00415,8,Pedestrian,0,The First Harmful Event was Not a Collision with a Motor Vehicle in Transport,1,Yes,18,Through Roadway,1,Not an Intersection,1,On Roadway,0,None,3,Dark - Lighted,1,Clear,0,No,0000000,Not Applicable,99,Unknown,99,Unknown,99,Unknown EMS Scene Arrival Hour,99,Unknown EMS Scene Arrival Minutes,88,Not Applicable (Not Transported),88,Not Applicable (Not Transported),1
26,Michigan,260701,0,0,3,3,0,5,5,47,EMMET (47),3930,PETOSKEY,8,August,14,14,1,Sunday,2022,13,1:00pm-1:59pm,12,12,US-31 CHARLEVOIX RD,NA,2,US Highway,2,Urban,3,Principal Arterial - Other,1,State Highway Agency,1,This section IS ON the NHS,0,No Special Jurisdiction,35,35,45.36066667,45.36066667,-85.02289167,-85.02289167,12,Motor Vehicle In-Transport,2,Front-to-Front,0,No,1,Non-Junction,1,Not an Intersection,1,On Roadway,0,None,1,Daylight,1,Clear,0,No,0000000,Not Applicable,13,1:00pm-1:59pm,14,14,13,1:00pm-1:59pm,17,17,99,Unknown,99,Unknown EMS Hospital Arrival Time,1
26,Michigan,260702,0,0,1,1,0,7,7,127,OCEANA (127),0,NOT APPLICABLE,9,September,7,7,4,Wednesday,2022,9,9:00am-9:59am,30,30,CR-LEVER RD,NA,4,County Road,1,Rural,7,Local,4,City or Municipal Highway Agency,0,This section IS NOT on the NHS,0,No Special Jurisdiction,27,27,43.723825,43.723825,-86.32304167,-86.32304167,5,Fell/Jumped from Vehicle,0,The First Harmful Event was Not a Collision with a Motor Vehicle in Transport,0,No,1,Non-Junction,1,Not an Intersection,1,On Roadway,0,None,1,Daylight,1,Clear,0,No,0000000,Not Applicable,99,Unknown,98,Unknown if Notified,99,Unknown EMS Scene Arrival Hour,98,Unknown if Arrived,88,Not Applicable (Not Transported),88,Not Applicable (Not Transported),1
26,Michigan,260703,0,0,2,2,0,2,2,125,OAKLAND (125),4567,SOUTHFIELD,8,August,28,28,1,Sunday,2022,2,2:00am-2:59am,35,35,US-24 N TELEGRAPH RD,WILDBROOK CT,2,US Highway,2,Urban,3,Principal Arterial - Other,1,State Highway Agency,1,This section IS ON the NHS,0,No Special Jurisdiction,46,46,42.50784167,42.50784167,-83.28525833,-83.28525833,12,Motor Vehicle In-Transport,6,Angle,0,No,3,Intersection-Related,3,T-Intersection,1,On Roadway,0,None,2,Dark - Not Lighted,1,Clear,0,No,0000000,Not Applicable,99,Unknown,99,Unknown,99,Unknown EMS Scene Arrival Hour,99,Unknown EMS Scene Arrival Minutes,88,Not Applicable (Not Transported),88,Not Applicable (Not Transported),1
26,Michigan,260704,0,0,2,2,0,3,3,49,GENESEE (49),1730,FLINT,9,September,8,8,5,Thursday,2022,19,7:00pm-7:59pm,35,35,WESTERN RD,RICHFIELD RD,6,Local Street - Municipality,2,Urban,5,Major Collector,4,City or Municipal Highway Agency,0,This section IS NOT on the NHS,0,No Special Jurisdiction,6,6,43.05076944,43.05076944,-83.65544444,-83.65544444,12,Motor Vehicle In-Transport,6,Angle,0,No,2,Intersection,2,Four-Way Intersection,1,On Roadway,0,None,1,Daylight,1,Clear,0,No,0000000,Not Applicable,19,7:00pm-7:59pm,37,37,19,7:00pm-7:59pm,41,41,88,Not Applicable (Not Transported),88,Not Applicable (Not Transported),1
26,Michigan,260705,0,0,2,2,0,2,2,49,GENESEE (49),1730,FLINT,9,September,17,17,7,Saturday,2022,1,1:00am-1:59am,50,50,E PIERSON RD,NA,6,Local Street - Municipality,2,Urban,3,Principal Arterial - Other,4,City or Municipal Highway Agency,1,This section IS ON the NHS,0,No Special Jurisdiction,61,61,43.06093611,43.06093611,-83.702675,-83.702675,12,Motor Vehicle In-Transport,2,Front-to-Front,0,No,1,Non-Junction,1,Not an Intersection,1,On Roadway,0,None,3,Dark - Lighted,1,Clear,0,No,0000000,Not Applicable,99,Unknown,99,Unknown,99,Unknown EMS Scene Arrival Hour,99,Unknown EMS Scene Arrival Minutes,88,Not Applicable (Not Transported),88,Not Applicable (Not Transported),1
26,Michigan,260706,0,0,1,1,0,1,1,143,ROSCOMMON (143),0,NOT APPLICABLE,9,September,7,7,4,Wednesday,2022,19,7:00pm-7:59pm,11,11,CR-GREENWOOD RD,MAPLE VALLEY RD,4,County Road,1,Rural,5,Major Collector,2,County Highway Agency,0,This section IS NOT on the NHS,0,No Special Jurisdiction,0,None,44.17502222,44.17502222,-84.48881944,-84.48881944,38,Fence,0,The First Harmful Event was Not a Collision with a Motor Vehicle in Transport,0,No,3,Intersection-Related,3,T-Intersection,4,On Roadside,0,None,5,Dusk,1,Clear,0,No,0000000,Not Applicable,99,Unknown,98,Unknown if Notified,99,Unknown EMS Scene Arrival Hour,98,Unknown if Arrived,88,Not Applicable (Not Transported),88,Not Applicable (Not Transported),1
26,Michigan,260707,0,0,2,2,0,2,2,163,WAYNE (163),0,NOT APPLICABLE,9,September,22,22,5,Thursday,2022,22,10:00pm-10:59pm,20,20,CR-WEST RD,NA,4,County Road,2,Urban,4,Minor Arterial,2,County Highway Agency,0,This section IS NOT on the NHS,0,No Special Jurisdiction,30,30,42.13784167,42.13784167,-83.304,-83.304,12,Motor Vehicle In-Transport,2,Front-to-Front,0,No,1,Non-Junction,1,Not an Intersection,1,On Roadway,0,None,2,Dark - Not Lighted,1,Clear,0,No,511018W,511018W,22,10:00pm-10:59pm,25,25,22,10:00pm-10:59pm,37,37,99,Unknown,99,Unknown EMS Hospital Arrival Time,1
26,Michigan,260708,0,0,1,1,0,1,1,49,GENESEE (49),0,NOT APPLICABLE,9,September,10,10,7,Saturday,2022,13,1:00pm-1:59pm,32,32,CR-RIVER RD,NA,4,County Road,2,Urban,4,Minor Arterial,2,County Highway Agency,0,This section IS NOT on the NHS,0,No Special Jurisdiction,16,16,43.048325,43.048325,-83.81338333,-83.81338333,33,Curb,0,The First Harmful Event was Not a Collision with a Motor Vehicle in Transport,0,No,1,Non-Junction,1,Not an Intersection,4,On Roadside,0,None,1,Daylight,10,Cloudy,0,No,0000000,Not Applicable,13,1:00pm-1:59pm,33,33,13,1:00pm-1:59pm,45,45,88,Not Applicable (Not Transported),88,Not Applicable (Not Transported),1
26,Michigan,260709,0,0,1,1,0,3,3,125,OAKLAND (125),3628,NOVI,10,October,3,3,2,Monday,2022,2,2:00am-2:59am,24,24,CRANBROOKE DR,NA,6,Local Street - Municipality,2,Urban,7,Local,4,City or Municipal Highway Agency,0,This section IS NOT on the NHS,0,No Special Jurisdiction,7,7,42.46354722,42.46354722,-83.44041111,-83.44041111,42,Tree (Standing Only),0,The First Harmful Event was Not a Collision with a Motor Vehicle in Transport,0,No,1,Non-Junction,1,Not an Intersection,3,On Median,0,None,2,Dark - Not Lighted,1,Clear,0,No,0000000,Not Applicable,2,2:00am-2:59am,25,25,2,2:00am-2:59am,33,33,99,Unknown,99,Unknown EMS Hospital Arrival Time,1
26,Michigan,260710,1,1,1,1,0,1,1,121,MUSKEGON (121),0,NOT APPLICABLE,9,September,13,13,3,Tuesday,2022,9,9:00am-9:59am,34,34,SR-46 APPLE AVE,NA,3,State Highway,2,Urban,4,Minor Arterial,1,State Highway Agency,0,This section IS NOT on the NHS,0,No Special Jurisdiction,39,39,43.23428889,43.23428889,-86.17181667,-86.17181667,8,Pedestrian,0,The First Harmful Event was Not a Collision with a Motor Vehicle in Transport,0,No,1,Non-Junction,1,Not an Intersection,1,On Roadway,0,None,1,Daylight,1,Clear,0,No,0000000,Not Applicable,9,9:00am-9:59am,33,33,9,9:00am-9:59am,36,36,88,Not Applicable (Not Transported),88,Not Applicable (Not Transported),1
26,Michigan,260711,0,0,2,2,0,2,2,149,ST JOSEPH (149),0,NOT APPLICABLE,9,September,12,12,2,Monday,2022,20,8:00pm-8:59pm,13,13,SR-60,YOUNGS PRAIRIE RD,3,State Highway,1,Rural,4,Minor Arterial,1,State Highway Agency,0,This section IS NOT on the NHS,0,No Special Jurisdiction,21,21,41.91083611,41.91083611,-85.72153611,-85.72153611,12,Motor Vehicle In-Transport,6,Angle,0,No,2,Intersection,3,T-Intersection,1,On Roadway,0,None,5,Dusk,2,Rain,0,No,0000000,Not Applicable,20,8:00pm-8:59pm,15,15,20,8:00pm-8:59pm,22,22,99,Unknown,99,Unknown EMS Hospital Arrival Time,1
26,Michigan,260712,0,0,2,2,0,6,6,163,WAYNE (163),1260,DETROIT,10,October,2,2,1,Sunday,2022,0,0:00am-0:59am,30,30,CONNER ST,NA,6,Local Street - Municipality,2,Urban,3,Principal Arterial - Other,4,City or Municipal Highway Agency,1,This section IS ON the NHS,0,No Special Jurisdiction,11,11,42.38421111,42.38421111,-82.96838056,-82.96838056,12,Motor Vehicle In-Transport,6,Angle,0,No,8,Driveway Access Related,1,Not an Intersection,1,On Roadway,0,None,3,Dark - Lighted,1,Clear,0,No,0000000,Not Applicable,99,Unknown,99,Unknown,99,Unknown EMS Scene Arrival Hour,99,Unknown EMS Scene Arrival Minutes,99,Unknown,99,Unknown EMS Hospital Arrival Time,2
26,Michigan,260713,0,0,2,2,0,2,2,125,OAKLAND (125),0,NOT APPLICABLE,9,September,13,13,3,Tuesday,2022,21,9:00pm-9:59pm,36,36,US-24 TELEGRAPH RD,OLD TELEGRAPH RD,2,US Highway,2,Urban,3,Principal Arterial - Other,1,State Highway Agency,1,This section IS ON the NHS,0,No Special Jurisdiction,38,38,42.61711667,42.61711667,-83.31623889,-83.31623889,12,Motor Vehicle In-Transport,6,Angle,0,No,2,Intersection,2,Four-Way Intersection,1,On Roadway,0,None,2,Dark - Not Lighted,1,Clear,0,No,0000000,Not Applicable,21,9:00pm-9:59pm,36,36,21,9:00pm-9:59pm,38,38,88,Not Applicable (Not Transported),88,Not Applicable (Not Transported),1
26,Michigan,260714,1,1,3,3,0,4,4,163,WAYNE (163),738,CANTON TOWNSHIP,10,October,3,3,2,Monday,2022,20,8:00pm-8:59pm,39,39,US-  MICHIGAN AVE,NA,2,US Highway,2,Urban,3,Principal Arterial - Other,1,State Highway Agency,1,This section IS ON the NHS,0,No Special Jurisdiction,60,60,42.27987778,42.27987778,-83.43676667,-83.43676667,8,Pedestrian,0,The First Harmful Event was Not a Collision with a Motor Vehicle in Transport,0,No,1,Non-Junction,1,Not an Intersection,1,On Roadway,0,None,2,Dark - Not Lighted,10,Cloudy,0,No,0000000,Not Applicable,20,8:00pm-8:59pm,42,42,20,8:00pm-8:59pm,50,50,88,Not Applicable (Not Transported),88,Not Applicable (Not Transported),1
26,Michigan,260715,0,0,2,2,0,2,2,99,MACOMB (99),0,NOT APPLICABLE,10,October,5,5,4,Wednesday,2022,22,10:00pm-10:59pm,36,36,CR-ROMEO PLANK RD,33 MILE RD,4,County Road,1,Rural,4,Minor Arterial,2,County Highway Agency,0,This section IS NOT on the NHS,0,No Special Jurisdiction,82,82,42.81991667,42.81991667,-82.96313333,-82.96313333,12,Motor Vehicle In-Transport,6,Angle,0,No,2,Intersection,2,Four-Way Intersection,1,On Roadway,0,None,2,Dark - Not Lighted,1,Clear,0,No,0000000,Not Applicable,99,Unknown,99,Unknown,99,Unknown EMS Scene Arrival Hour,99,Unknown EMS Scene Arrival Minutes,88,Not Applicable (Not Transported),88,Not Applicable (Not Transported),1
26,Michigan,260716,0,0,2,2,0,3,3,63,HURON (63),0,NOT APPLICABLE,9,September,15,15,5,Thursday,2022,13,1:00pm-1:59pm,39,39,SR-142 SAND BEACH RD,UBLEY RD,3,State Highway,1,Rural,4,Minor Arterial,1,State Highway Agency,0,This section IS NOT on the NHS,0,No Special Jurisdiction,150,150,43.80386111,43.80386111,-82.94099167,-82.94099167,12,Motor Vehicle In-Transport,6,Angle,0,No,2,Intersection,2,Four-Way Intersection,1,On Roadway,0,None,1,Daylight,1,Clear,0,No,0000000,Not Applicable,13,1:00pm-1:59pm,39,39,13,1:00pm-1:59pm,43,43,99,Unknown,99,Unknown EMS Hospital Arrival Time,1
26,Michigan,260717,0,0,2,2,0,2,2,27,CASS (27),0,NOT APPLICABLE,9,September,9,9,6,Friday,2022,14,2:00pm-2:59pm,37,37,CR-MARCELLUS RD,NA,4,County Road,1,Rural,5,Major Collector,2,County Highway Agency,0,This section IS NOT on the NHS,0,No Special Jurisdiction,47,47,42.02688333,42.02688333,-85.85041944,-85.85041944,12,Motor Vehicle In-Transport,2,Front-to-Front,0,No,1,Non-Junction,1,Not an Intersection,1,On Roadway,0,None,1,Daylight,1,Clear,0,No,0000000,Not Applicable,99,Unknown,99,Unknown,99,Unknown EMS Scene Arrival Hour,99,Unknown EMS Scene Arrival Minutes,99,Unknown,99,Unknown EMS Hospital Arrival Time,1
26,Michigan,260718,0,0,2,2,0,2,2,121,MUSKEGON (121),0,NOT APPLICABLE,10,October,4,4,3,Tuesday,2022,16,4:00pm-4:59pm,48,48,CR-HEIGHTS RAVENNA RD,BROOKS RD,4,County Road,2,Urban,4,Minor Arterial,2,County Highway Agency,0,This section IS NOT on the NHS,0,No Special Jurisdiction,17,17,43.19029722,43.19029722,-86.14534722,-86.14534722,12,Motor Vehicle In-Transport,6,Angle,0,No,2,Intersection,2,Four-Way Intersection,1,On Roadway,0,None,1,Daylight,1,Clear,0,No,0000000,Not Applicable,16,4:00pm-4:59pm,48,48,16,4:00pm-4:59pm,56,56,88,Not Applicable (Not Transported),88,Not Applicable (Not Transported),1
26,Michigan,260719,0,0,1,1,0,1,1,155,SHIAWASSEE (155),0,NOT APPLICABLE,9,September,14,14,4,Wednesday,2022,15,3:00pm-3:59pm,40,40,CR-TYRELL RD,NA,4,County Road,1,Rural,7,Local,2,County Highway Agency,0,This section IS NOT on the NHS,0,No Special Jurisdiction,4,4,42.87006389,42.87006389,-84.25607778,-84.25607778,34,Ditch,0,The First Harmful Event was Not a Collision with a Motor Vehicle in Transport,0,No,1,Non-Junction,1,Not an Intersection,4,On Roadside,0,None,1,Daylight,10,Cloudy,0,No,0000000,Not Applicable,99,Unknown,98,Unknown if Notified,99,Unknown EMS Scene Arrival Hour,98,Unknown if Arrived,88,Not Applicable (Not Transported),88,Not Applicable (Not Transported),1
26,Michigan,260720,1,1,1,1,0,1,1,99,MACOMB (99),1009,CLINTON TOWNSHIP,10,October,4,4,3,Tuesday,2022,17,5:00pm-5:59pm,38,38,CR-CLINTON RIVCER RD,NA,4,County Road,2,Urban,4,Minor Arterial,2,County Highway Agency,0,This section IS NOT on the NHS,0,No Special Jurisdiction,49,49,42.57770556,42.57770556,-82.96498611,-82.96498611,9,Pedalcyclist,0,The First Harmful Event was Not a Collision with a Motor Vehicle in Transport,0,No,1,Non-Junction,1,Not an Intersection,1,On Roadway,0,None,1,Daylight,1,Clear,0,No,0000000,Not Applicable,99,Unknown,99,Unknown,99,Unknown EMS Scene Arrival Hour,99,Unknown EMS Scene Arrival Minutes,99,Unknown,99,Unknown EMS Hospital Arrival Time,1
26,Michigan,260721,0,0,1,1,0,1,1,17,BAY (17),0,NOT APPLICABLE,10,October,11,11,3,Tuesday,2022,10,10:00am-10:59am,0,0,SR-13 HURON RD,NA,3,State Highway,1,Rural,4,Minor Arterial,1,State Highway Agency,0,This section IS NOT on the NHS,0,No Special Jurisdiction,178,178,43.78316389,43.78316389,-83.97290833,-83.97290833,32,Culvert,0,The First Harmful Event was Not a Collision with a Motor Vehicle in Transport,0,No,1,Non-Junction,1,Not an Intersection,4,On Roadside,0,None,1,Daylight,1,Clear,0,No,0000000,Not Applicable,10,10:00am-10:59am,1,1,10,10:00am-10:59am,8,8,99,Unknown,99,Unknown EMS Hospital Arrival Time,1
26,Michigan,260722,0,0,1,1,0,1,1,55,GRAND TRAVERSE (55),0,NOT APPLICABLE,9,September,16,16,6,Friday,2022,19,7:00pm-7:59pm,10,10,CR-BEITNER RD,NA,4,County Road,2,Urban,4,Minor Arterial,2,County Highway Agency,0,This section IS NOT on the NHS,0,No Special Jurisdiction,2,2,44.67518056,44.67518056,-85.63046944,-85.63046944,38,Fence,0,The First Harmful Event was Not a Collision with a Motor Vehicle in Transport,0,No,1,Non-Junction,1,Not an Intersection,4,On Roadside,0,None,1,Daylight,1,Clear,0,No,0000000,Not Applicable,19,7:00pm-7:59pm,14,14,19,7:00pm-7:59pm,19,19,88,Not Applicable (Not Transported),88,Not Applicable (Not Transported),1
26,Michigan,260723,0,0,2,2,0,4,4,81,KENT (81),2010,GRAND RAPIDS,9,September,17,17,7,Saturday,2022,23,11:00pm-11:59pm,7,7,FULTON ST,COLLEGE ST,6,Local Street - Municipality,2,Urban,3,Principal Arterial - Other,4,City or Municipal Highway Agency,1,This section IS ON the NHS,0,No Special Jurisdiction,24,24,42.96296111,42.96296111,-85.65683611,-85.65683611,12,Motor Vehicle In-Transport,6,Angle,0,No,2,Intersection,2,Four-Way Intersection,1,On Roadway,0,None,3,Dark - Lighted,1,Clear,0,No,0000000,Not Applicable,23,11:00pm-11:59pm,7,7,23,11:00pm-11:59pm,12,12,99,Unknown,99,Unknown EMS Hospital Arrival Time,2
26,Michigan,260724,0,0,2,2,0,4,4,107,MECOSTA (107),0,NOT APPLICABLE,9,September,8,8,5,Thursday,2022,15,3:00pm-3:59pm,34,34,CR-23 MILE RD,NA,4,County Road,1,Rural,5,Major Collector,2,County Highway Agency,0,This section IS NOT on the NHS,0,No Special Jurisdiction,33,33,43.79945278,43.79945278,-85.29883056,-85.29883056,12,Motor Vehicle In-Transport,6,Angle,0,No,8,Driveway Access Related,1,Not an Intersection,1,On Roadway,0,None,1,Daylight,1,Clear,0,No,0000000,Not Applicable,15,3:00pm-3:59pm,37,37,16,4:00pm-4:59pm,7,7,99,Unknown,99,Unknown EMS Hospital Arrival Time,1
26,Michigan,260725,0,0,1,1,0,3,3,37,CLINTON (37),0,NOT APPLICABLE,9,September,19,19,2,Monday,2022,13,1:00pm-1:59pm,0,0,I-69,NA,1,Interstate,2,Urban,1,Interstate,1,State Highway Agency,1,This section IS ON the NHS,0,No Special Jurisdiction,135,135,42.79525,42.79525,-84.43800833,-84.43800833,1,Rollover/Overturn,0,The First Harmful Event was Not a Collision with a Motor Vehicle in Transport,0,No,1,Non-Junction,1,Not an Intersection,3,On Median,0,None,1,Daylight,1,Clear,0,No,0000000,Not Applicable,13,1:00pm-1:59pm,0,0,13,1:00pm-1:59pm,9,9,99,Unknown,99,Unknown EMS Hospital Arrival Time,1
26,Michigan,260726,0,0,1,1,0,2,2,49,GENESEE (49),1731,FLINT TOWNSHIP,9,September,24,24,7,Saturday,2022,16,4:00pm-4:59pm,45,45,I-69,NA,1,Interstate,2,Urban,1,Interstate,1,State Highway Agency,1,This section IS ON the NHS,0,No Special Jurisdiction,0,None,43.00401944,43.00401944,-83.74970556,-83.74970556,1,Rollover/Overturn,0,The First Harmful Event was Not a Collision with a Motor Vehicle in Transport,1,Yes,5,Entrance/Exit Ramp Related,1,Not an Intersection,8,Gore,0,None,1,Daylight,10,Cloudy,0,No,0000000,Not Applicable,16,4:00pm-4:59pm,45,45,16,4:00pm-4:59pm,49,49,99,Unknown,99,Unknown EMS Hospital Arrival Time,1
26,Michigan,260727,0,0,2,2,0,5,5,105,MASON (105),0,NOT APPLICABLE,9,September,11,11,1,Sunday,2022,11,11:00am-11:59am,40,40,US-31,JOHNSON RD,2,US Highway,1,Rural,3,Principal Arterial - Other,1,State Highway Agency,1,This section IS ON the NHS,0,No Special Jurisdiction,5,5,43.96223889,43.96223889,-86.28992222,-86.28992222,12,Motor Vehicle In-Transport,6,Angle,0,No,2,Intersection,2,Four-Way Intersection,1,On Roadway,0,None,1,Daylight,10,Cloudy,0,No,0000000,Not Applicable,99,Unknown,99,Unknown,99,Unknown EMS Scene Arrival Hour,99,Unknown EMS Scene Arrival Minutes,99,Unknown,99,Unknown EMS Hospital Arrival Time,1
26,Michigan,260728,0,0,2,2,0,3,3,49,GENESEE (49),1730,FLINT,9,September,24,24,7,Saturday,2022,1,1:00am-1:59am,47,47,SAGINAW ST,NA,6,Local Street - Municipality,2,Urban,3,Principal Arterial - Other,4,City or Municipal Highway Agency,1,This section IS ON the NHS,0,No Special Jurisdiction,159,159,43.07504444,43.07504444,-83.69402778,-83.69402778,12,Motor Vehicle In-Transport,6,Angle,0,No,8,Driveway Access Related,1,Not an Intersection,1,On Roadway,0,None,3,Dark - Lighted,1,Clear,0,No,0000000,Not Applicable,1,1:00am-1:59am,47,47,1,1:00am-1:59am,52,52,99,Unknown,99,Unknown EMS Hospital Arrival Time,1
26,Michigan,260729,0,0,1,1,0,1,1,163,WAYNE (163),1260,DETROIT,9,September,21,21,4,Wednesday,2022,3,3:00am-3:59am,30,30,I-96,NA,1,Interstate,2,Urban,1,Interstate,1,State Highway Agency,1,This section IS ON the NHS,0,No Special Jurisdiction,278,278,42.36253333,42.36253333,-83.07096111,-83.07096111,25,Concrete Traffic Barrier,0,The First Harmful Event was Not a Collision with a Motor Vehicle in Transport,0,No,1,Non-Junction,1,Not an Intersection,3,On Median,0,None,3,Dark - Lighted,1,Clear,0,No,0000000,Not Applicable,99,Unknown,99,Unknown,99,Unknown EMS Scene Arrival Hour,99,Unknown EMS Scene Arrival Minutes,88,Not Applicable (Not Transported),88,Not Applicable (Not Transported),1
26,Michigan,260730,0,0,2,2,0,3,3,19,BENZIE (19),0,NOT APPLICABLE,9,September,28,28,4,Wednesday,2022,18,6:00pm-6:59pm,9,9,CR-FEWINS RD,LAKE ANN RD,4,County Road,1,Rural,7,Local,2,County Highway Agency,0,This section IS NOT on the NHS,0,No Special Jurisdiction,44,44,44.67366944,44.67366944,-85.83773333,-85.83773333,12,Motor Vehicle In-Transport,6,Angle,0,No,2,Intersection,2,Four-Way Intersection,1,On Roadway,0,None,1,Daylight,10,Cloudy,0,No,0000000,Not Applicable,18,6:00pm-6:59pm,11,11,18,6:00pm-6:59pm,20,20,99,Unknown,99,Unknown EMS Hospital Arrival Time,1
26,Michigan,260731,0,0,2,2,0,2,2,87,LAPEER (87),2710,LAPEER,10,October,8,8,7,Saturday,2022,4,4:00am-4:59am,40,40,SR-24 S LAPEER RD,RAMP 003A,3,State Highway,2,Urban,3,Principal Arterial - Other,1,State Highway Agency,1,This section IS ON the NHS,0,No Special Jurisdiction,98,98,43.02265,43.02265,-83.32246667,-83.32246667,12,Motor Vehicle In-Transport,6,Angle,0,No,2,Intersection,3,T-Intersection,1,On Roadway,0,None,2,Dark - Not Lighted,1,Clear,0,No,0000000,Not Applicable,4,4:00am-4:59am,49,49,4,4:00am-4:59am,50,50,99,Unknown,99,Unknown EMS Hospital Arrival Time,1
26,Michigan,260732,0,0,3,2,1,4,4,73,ISABELLA (73),0,NOT APPLICABLE,9,September,2,2,6,Friday,2022,12,12:00pm-12:59pm,47,47,CR-SUMMERTON RD,BROADWAY RD,4,County Road,2,Urban,7,Local,2,County Highway Agency,0,This section IS NOT on the NHS,0,No Special Jurisdiction,95,95,43.60429167,43.60429167,-84.72766944,-84.72766944,12,Motor Vehicle In-Transport,6,Angle,0,No,2,Intersection,2,Four-Way Intersection,1,On Roadway,0,None,1,Daylight,1,Clear,0,No,0000000,Not Applicable,99,Unknown,99,Unknown,99,Unknown EMS Scene Arrival Hour,99,Unknown EMS Scene Arrival Minutes,99,Unknown,99,Unknown EMS Hospital Arrival Time,1
26,Michigan,260733,0,0,2,2,0,2,2,107,MECOSTA (107),0,NOT APPLICABLE,10,October,9,9,1,Sunday,2022,16,4:00pm-4:59pm,52,52,SR-66 30TH AVE,TAFT RD,3,State Highway,1,Rural,4,Minor Arterial,1,State Highway Agency,0,This section IS NOT on the NHS,0,No Special Jurisdiction,154,154,43.69001111,43.69001111,-85.14655,-85.14655,12,Motor Vehicle In-Transport,6,Angle,0,No,2,Intersection,2,Four-Way Intersection,1,On Roadway,0,None,1,Daylight,1,Clear,0,No,0000000,Not Applicable,99,Unknown,99,Unknown,99,Unknown EMS Scene Arrival Hour,99,Unknown EMS Scene Arrival Minutes,88,Not Applicable (Not Transported),88,Not Applicable (Not Transported),1
26,Michigan,260734,0,0,3,3,0,4,4,55,GRAND TRAVERSE (55),0,NOT APPLICABLE,9,September,21,21,4,Wednesday,2022,9,9:00am-9:59am,20,20,SR-72,NA,3,State Highway,1,Rural,3,Principal Arterial - Other,1,State Highway Agency,1,This section IS ON the NHS,0,No Special Jurisdiction,56,56,44.77038056,44.77038056,-85.38563889,-85.38563889,12,Motor Vehicle In-Transport,6,Angle,0,No,1,Non-Junction,1,Not an Intersection,1,On Roadway,0,None,1,Daylight,10,Cloudy,0,No,0000000,Not Applicable,99,Unknown,99,Unknown,99,Unknown EMS Scene Arrival Hour,99,Unknown EMS Scene Arrival Minutes,99,Unknown,99,Unknown EMS Hospital Arrival Time,1
26,Michigan,260735,0,0,1,1,0,1,1,157,TUSCOLA (157),0,NOT APPLICABLE,10,October,8,8,7,Saturday,2022,19,7:00pm-7:59pm,14,14,CR-S WATERMAN RD,NA,4,County Road,1,Rural,7,Local,2,County Highway Agency,0,This section IS NOT on the NHS,0,No Special Jurisdiction,40,40,43.39381389,43.39381389,-83.55985278,-83.55985278,30,Utility Pole/Light Support,0,The First Harmful Event was Not a Collision with a Motor Vehicle in Transport,0,No,1,Non-Junction,1,Not an Intersection,4,On Roadside,0,None,1,Daylight,1,Clear,0,No,0000000,Not Applicable,99,Unknown,99,Unknown,99,Unknown EMS Scene Arrival Hour,99,Unknown EMS Scene Arrival Minutes,88,Not Applicable (Not Transported),88,Not Applicable (Not Transported),1
26,Michigan,260736,0,0,2,2,0,2,2,165,WEXFORD (165),0,NOT APPLICABLE,9,September,30,30,6,Friday,2022,15,3:00pm-3:59pm,6,6,CR-25 RD,NA,4,County Road,1,Rural,7,Local,4,City or Municipal Highway Agency,0,This section IS NOT on the NHS,0,No Special Jurisdiction,69,69,44.25836944,44.25836944,-85.57899167,-85.57899167,12,Motor Vehicle In-Transport,6,Angle,0,No,8,Driveway Access Related,1,Not an Intersection,1,On Roadway,0,None,1,Daylight,10,Cloudy,0,No,0000000,Not Applicable,15,3:00pm-3:59pm,9,9,15,3:00pm-3:59pm,17,17,88,Not Applicable (Not Transported),88,Not Applicable (Not Transported),1
26,Michigan,260737,0,0,1,1,0,1,1,23,BRANCH (23),0,NOT APPLICABLE,10,October,11,11,3,Tuesday,2022,16,4:00pm-4:59pm,30,30,CR-WRIGHT RD,NA,4,County Road,1,Rural,7,Local,2,County Highway Agency,0,This section IS NOT on the NHS,0,No Special Jurisdiction,0,None,41.89870278,41.89870278,-84.892975,-84.892975,18,Other Object (not fixed),0,The First Harmful Event was Not a Collision with a Motor Vehicle in Transport,0,No,1,Non-Junction,1,Not an Intersection,5,Outside Trafficway,0,None,1,Daylight,1,Clear,0,No,0000000,Not Applicable,99,Unknown,99,Unknown,99,Unknown EMS Scene Arrival Hour,99,Unknown EMS Scene Arrival Minutes,99,Unknown,99,Unknown EMS Hospital Arrival Time,1
26,Michigan,260738,0,0,2,2,0,2,2,149,ST JOSEPH (149),0,NOT APPLICABLE,10,October,19,19,4,Wednesday,2022,13,1:00pm-1:59pm,23,23,US-131,NA,2,US Highway,1,Rural,3,Principal Arterial - Other,1,State Highway Agency,1,This section IS ON the NHS,0,No Special Jurisdiction,40,40,41.81279444,41.81279444,-85.6626,-85.6626,12,Motor Vehicle In-Transport,2,Front-to-Front,0,No,1,Non-Junction,1,Not an Intersection,1,On Roadway,0,None,1,Daylight,10,Cloudy,0,No,0000000,Not Applicable,13,1:00pm-1:59pm,23,23,13,1:00pm-1:59pm,23,23,99,Unknown,99,Unknown EMS Hospital Arrival Time,1
26,Michigan,260739,1,1,1,1,0,1,1,163,WAYNE (163),1260,DETROIT,9,September,29,29,5,Thursday,2022,6,6:00am-6:59am,55,55,SCHAEFER HWY,NA,6,Local Street - Municipality,2,Urban,3,Principal Arterial - Other,4,City or Municipal Highway Agency,1,This section IS ON the NHS,0,No Special Jurisdiction,90,90,42.40555556,42.40555556,-83.17927778,-83.17927778,9,Pedalcyclist,0,The First Harmful Event was Not a Collision with a Motor Vehicle in Transport,0,No,1,Non-Junction,1,Not an Intersection,1,On Roadway,0,None,1,Daylight,1,Clear,0,No,0000000,Not Applicable,99,Unknown,99,Unknown,99,Unknown EMS Scene Arrival Hour,99,Unknown EMS Scene Arrival Minutes,88,Not Applicable (Not Transported),88,Not Applicable (Not Transported),1
26,Michigan,260740,0,0,2,2,0,2,2,81,KENT (81),2010,GRAND RAPIDS,9,September,29,29,5,Thursday,2022,1,1:00am-1:59am,21,21,SR-11 28TH ST,MADISON AVE,3,State Highway,2,Urban,3,Principal Arterial - Other,1,State Highway Agency,1,This section IS ON the NHS,0,No Special Jurisdiction,122,122,42.91286944,42.91286944,-85.65689167,-85.65689167,12,Motor Vehicle In-Transport,6,Angle,0,No,2,Intersection,2,Four-Way Intersection,1,On Roadway,0,None,3,Dark - Lighted,1,Clear,0,No,0000000,Not Applicable,1,1:00am-1:59am,15,15,1,1:00am-1:59am,20,20,99,Unknown,99,Unknown EMS Hospital Arrival Time,1
26,Michigan,260741,1,1,1,1,0,2,2,163,WAYNE (163),1260,DETROIT,10,October,15,15,7,Saturday,2022,22,10:00pm-10:59pm,35,35,SR-1 WOODWARD AVE,NA,3,State Highway,2,Urban,3,Principal Arterial - Other,1,State Highway Agency,1,This section IS ON the NHS,0,No Special Jurisdiction,59,59,42.34166389,42.34166389,-83.0539,-83.0539,8,Pedestrian,0,The First Harmful Event was Not a Collision with a Motor Vehicle in Transport,0,No,1,Non-Junction,1,Not an Intersection,1,On Roadway,0,None,3,Dark - Lighted,1,Clear,0,No,0000000,Not Applicable,99,Unknown,99,Unknown,99,Unknown EMS Scene Arrival Hour,99,Unknown EMS Scene Arrival Minutes,99,Unknown,99,Unknown EMS Hospital Arrival Time,1
26,Michigan,260742,0,0,2,2,0,3,3,163,WAYNE (163),4166,REDFORD TOWNSHIP,9,September,26,26,2,Monday,2022,9,9:00am-9:59am,45,45,CR-BEECH DALEY RD,CHICAGO ST,4,County Road,2,Urban,4,Minor Arterial,2,County Highway Agency,0,This section IS NOT on the NHS,0,No Special Jurisdiction,4,4,42.36356111,42.36356111,-83.29469167,-83.29469167,12,Motor Vehicle In-Transport,6,Angle,0,No,2,Intersection,2,Four-Way Intersection,1,On Roadway,0,None,1,Daylight,10,Cloudy,0,No,0000000,Not Applicable,9,9:00am-9:59am,45,45,9,9:00am-9:59am,47,47,99,Unknown,99,Unknown EMS Hospital Arrival Time,1
26,Michigan,260743,0,0,1,1,0,1,1,121,MUSKEGON (121),0,NOT APPLICABLE,9,September,28,28,4,Wednesday,2022,20,8:00pm-8:59pm,23,23,CR-FRUITVALE RD,NA,4,County Road,1,Rural,5,Major Collector,2,County Highway Agency,0,This section IS NOT on the NHS,0,No Special Jurisdiction,36,36,43.45005833,43.45005833,-86.30090278,-86.30090278,30,Utility Pole/Light Support,0,The First Harmful Event was Not a Collision with a Motor Vehicle in Transport,0,No,1,Non-Junction,1,Not an Intersection,4,On Roadside,0,None,2,Dark - Not Lighted,1,Clear,0,No,0000000,Not Applicable,99,Unknown,99,Unknown,99,Unknown EMS Scene Arrival Hour,99,Unknown EMS Scene Arrival Minutes,99,Unknown,99,Unknown EMS Hospital Arrival Time,1
26,Michigan,260744,0,0,2,2,0,2,2,163,WAYNE (163),1260,DETROIT,10,October,9,9,1,Sunday,2022,22,10:00pm-10:59pm,23,23,E JEFFERSON,FIELD ST,6,Local Street - Municipality,2,Urban,3,Principal Arterial - Other,4,City or Municipal Highway Agency,1,This section IS ON the NHS,0,No Special Jurisdiction,23,23,42.34782222,42.34782222,-83.000425,-83.000425,12,Motor Vehicle In-Transport,1,Front-to-Rear,0,No,3,Intersection-Related,3,T-Intersection,1,On Roadway,0,None,2,Dark - Not Lighted,1,Clear,0,No,0000000,Not Applicable,99,Unknown,99,Unknown,99,Unknown EMS Scene Arrival Hour,99,Unknown EMS Scene Arrival Minutes,99,Unknown,99,Unknown EMS Hospital Arrival Time,1
26,Michigan,260745,0,0,1,1,0,2,2,133,OSCEOLA (133),0,NOT APPLICABLE,9,September,30,30,6,Friday,2022,12,12:00pm-12:59pm,27,27,SR-66,NA,3,State Highway,1,Rural,4,Minor Arterial,1,State Highway Agency,0,This section IS NOT on the NHS,0,No Special Jurisdiction,76,76,43.92341389,43.92341389,-85.14823056,-85.14823056,34,Ditch,0,The First Harmful Event was Not a Collision with a Motor Vehicle in Transport,0,No,1,Non-Junction,1,Not an Intersection,4,On Roadside,0,None,1,Daylight,1,Clear,0,No,0000000,Not Applicable,99,Unknown,99,Unknown,99,Unknown EMS Scene Arrival Hour,99,Unknown EMS Scene Arrival Minutes,99,Unknown,99,Unknown EMS Hospital Arrival Time,1
26,Michigan,260746,0,0,2,2,0,2,2,75,JACKSON (75),3466,NAPOLEON,9,September,28,28,4,Wednesday,2022,14,2:00pm-2:59pm,15,15,SR-50 BROOKLYN RD,FLAMINGO DR,3,State Highway,1,Rural,4,Minor Arterial,1,State Highway Agency,0,This section IS NOT on the NHS,0,No Special Jurisdiction,70,70,42.17300556,42.17300556,-84.27382222,-84.27382222,12,Motor Vehicle In-Transport,6,Angle,0,No,2,Intersection,3,T-Intersection,1,On Roadway,0,None,1,Daylight,10,Cloudy,0,No,0000000,Not Applicable,99,Unknown,99,Unknown,99,Unknown EMS Scene Arrival Hour,99,Unknown EMS Scene Arrival Minutes,99,Unknown,99,Unknown EMS Hospital Arrival Time,1
26,Michigan,260747,0,0,2,2,0,2,2,77,KALAMAZOO (77),0,NOT APPLICABLE,10,October,18,18,3,Tuesday,2022,14,2:00pm-2:59pm,35,35,CR-E G AVE,NA,4,County Road,2,Urban,4,Minor Arterial,2,County Highway Agency,0,This section IS NOT on the NHS,0,No Special Jurisdiction,42,42,42.33265,42.33265,-85.49346111,-85.49346111,12,Motor Vehicle In-Transport,6,Angle,0,No,1,Non-Junction,1,Not an Intersection,1,On Roadway,0,None,1,Daylight,10,Cloudy,0,No,0000000,Not Applicable,14,2:00pm-2:59pm,43,43,14,2:00pm-2:59pm,47,47,99,Unknown,99,Unknown EMS Hospital Arrival Time,1
26,Michigan,260748,0,0,3,1,2,1,1,73,ISABELLA (73),3410,MOUNT PLEASANT,9,September,27,27,3,Tuesday,2022,19,7:00pm-7:59pm,36,36,CR-PICKARD RD,NA,4,County Road,2,Urban,4,Minor Arterial,2,County Highway Agency,0,This section IS NOT on the NHS,0,No Special Jurisdiction,122,122,43.61148611,43.61148611,-84.80203611,-84.80203611,53,Mail Box,0,The First Harmful Event was Not a Collision with a Motor Vehicle in Transport,0,No,1,Non-Junction,1,Not an Intersection,4,On Roadside,0,None,5,Dusk,1,Clear,0,No,0000000,Not Applicable,99,Unknown,99,Unknown,99,Unknown EMS Scene Arrival Hour,99,Unknown EMS Scene Arrival Minutes,88,Not Applicable (Not Transported),88,Not Applicable (Not Transported),1
26,Michigan,260749,1,1,1,1,0,1,1,49,GENESEE (49),1730,FLINT,10,October,22,22,7,Saturday,2022,2,2:00am-2:59am,51,51,LAPEER RD,NA,6,Local Street - Municipality,2,Urban,4,Minor Arterial,4,City or Municipal Highway Agency,0,This section IS NOT on the NHS,0,No Special Jurisdiction,1,1,43.01457778,43.01457778,-83.68014722,-83.68014722,8,Pedestrian,0,The First Harmful Event was Not a Collision with a Motor Vehicle in Transport,0,No,1,Non-Junction,1,Not an Intersection,1,On Roadway,0,None,2,Dark - Not Lighted,1,Clear,0,No,0000000,Not Applicable,2,2:00am-2:59am,51,51,2,2:00am-2:59am,51,51,99,Unknown,99,Unknown EMS Hospital Arrival Time,1
26,Michigan,260750,0,0,2,2,0,3,3,163,WAYNE (163),1260,DETROIT,10,October,3,3,2,Monday,2022,1,1:00am-1:59am,55,55,CR-GREENFIELD RD,JOY RD,4,County Road,2,Urban,3,Principal Arterial - Other,2,County Highway Agency,1,This section IS ON the NHS,0,No Special Jurisdiction,63,63,42.35816667,42.35816667,-83.19696389,-83.19696389,12,Motor Vehicle In-Transport,6,Angle,0,No,2,Intersection,2,Four-Way Intersection,1,On Roadway,0,None,3,Dark - Lighted,1,Clear,0,No,0000000,Not Applicable,99,Unknown,99,Unknown,99,Unknown EMS Scene Arrival Hour,99,Unknown EMS Scene Arrival Minutes,99,Unknown,99,Unknown EMS Hospital Arrival Time,1
26,Michigan,260751,1,1,1,1,0,1,1,49,GENESEE (49),1730,FLINT,10,October,21,21,6,Friday,2022,2,2:00am-2:59am,26,26,N SAGINAW ST,DAMON ST,6,Local Street - Municipality,2,Urban,3,Principal Arterial - Other,4,City or Municipal Highway Agency,1,This section IS ON the NHS,0,No Special Jurisdiction,140,140,43.05237222,43.05237222,-83.69366944,-83.69366944,8,Pedestrian,0,The First Harmful Event was Not a Collision with a Motor Vehicle in Transport,0,No,3,Intersection-Related,2,Four-Way Intersection,1,On Roadway,0,None,3,Dark - Lighted,10,Cloudy,0,No,0000000,Not Applicable,2,2:00am-2:59am,26,26,2,2:00am-2:59am,31,31,99,Unknown,99,Unknown EMS Hospital Arrival Time,1
26,Michigan,260752,0,0,1,1,0,1,1,13,BARAGA (13),0,NOT APPLICABLE,9,September,22,22,5,Thursday,2022,2,2:00am-2:59am,0,0,US-41,NA,2,US Highway,1,Rural,3,Principal Arterial - Other,1,State Highway Agency,1,This section IS ON the NHS,0,No Special Jurisdiction,284,284,46.73139722,46.73139722,-88.42835556,-88.42835556,1,Rollover/Overturn,0,The First Harmful Event was Not a Collision with a Motor Vehicle in Transport,0,No,1,Non-Junction,1,Not an Intersection,4,On Roadside,0,None,2,Dark - Not Lighted,99,Reported as Unknown,0,No,0000000,Not Applicable,99,Unknown,99,Unknown,99,Unknown EMS Scene Arrival Hour,99,Unknown EMS Scene Arrival Minutes,88,Not Applicable (Not Transported),88,Not Applicable (Not Transported),1
26,Michigan,260753,0,0,4,2,2,2,2,105,MASON (105),0,NOT APPLICABLE,10,October,25,25,3,Tuesday,2022,7,7:00am-7:59am,56,56,US-10,NA,2,US Highway,2,Urban,3,Principal Arterial - Other,1,State Highway Agency,1,This section IS ON the NHS,0,No Special Jurisdiction,41,41,43.95614722,43.95614722,-86.36977222,-86.36977222,12,Motor Vehicle In-Transport,6,Angle,0,No,8,Driveway Access Related,1,Not an Intersection,1,On Roadway,0,None,4,Dawn,2,Rain,0,No,0000000,Not Applicable,99,Unknown,99,Unknown,99,Unknown EMS Scene Arrival Hour,99,Unknown EMS Scene Arrival Minutes,88,Not Applicable (Not Transported),88,Not Applicable (Not Transported),1
26,Michigan,260754,0,0,3,3,0,4,4,99,MACOMB (99),5110,WARREN,9,September,13,13,3,Tuesday,2022,15,3:00pm-3:59pm,30,30,13 MILE RD,SCHOENHERR RD,6,Local Street - Municipality,2,Urban,4,Minor Arterial,4,City or Municipal Highway Agency,0,This section IS NOT on the NHS,0,No Special Jurisdiction,20,20,42.521825,42.521825,-82.98826389,-82.98826389,12,Motor Vehicle In-Transport,6,Angle,0,No,2,Intersection,2,Four-Way Intersection,1,On Roadway,0,None,1,Daylight,1,Clear,0,No,0000000,Not Applicable,99,Unknown,99,Unknown,99,Unknown EMS Scene Arrival Hour,99,Unknown EMS Scene Arrival Minutes,88,Not Applicable (Not Transported),88,Not Applicable (Not Transported),1
26,Michigan,260755,0,0,2,2,0,4,4,81,KENT (81),0,NOT APPLICABLE,9,September,12,12,2,Monday,2022,12,12:00pm-12:59pm,16,16,SR-50 ALDEN NASH AVE,92ND ST,3,State Highway,1,Rural,4,Minor Arterial,1,State Highway Agency,0,This section IS NOT on the NHS,0,No Special Jurisdiction,56,56,42.79828056,42.79828056,-85.36913056,-85.36913056,12,Motor Vehicle In-Transport,6,Angle,0,No,2,Intersection,2,Four-Way Intersection,1,On Roadway,0,None,1,Daylight,10,Cloudy,0,No,0000000,Not Applicable,99,Unknown,99,Unknown,99,Unknown EMS Scene Arrival Hour,99,Unknown EMS Scene Arrival Minutes,99,Unknown,99,Unknown EMS Hospital Arrival Time,3
26,Michigan,260756,0,0,1,1,0,1,1,81,KENT (81),2010,GRAND RAPIDS,9,September,11,11,1,Sunday,2022,18,6:00pm-6:59pm,56,56,US-131,NA,2,US Highway,2,Urban,1,Interstate,1,State Highway Agency,1,This section IS ON the NHS,0,No Special Jurisdiction,148,148,42.97430556,42.97430556,-85.67753056,-85.67753056,20,Impact Attenuator/Crash Cushion,0,The First Harmful Event was Not a Collision with a Motor Vehicle in Transport,1,Yes,19,Other location within Interchange Area,1,Not an Intersection,3,On Median,0,None,1,Daylight,2,Rain,0,No,0000000,Not Applicable,99,Unknown,99,Unknown,99,Unknown EMS Scene Arrival Hour,99,Unknown EMS Scene Arrival Minutes,99,Unknown,99,Unknown EMS Hospital Arrival Time,1
26,Michigan,260757,0,0,1,1,0,1,1,163,WAYNE (163),1260,DETROIT,9,September,25,25,1,Sunday,2022,7,7:00am-7:59am,20,20,I-75,NA,1,Interstate,2,Urban,1,Interstate,1,State Highway Agency,1,This section IS ON the NHS,0,No Special Jurisdiction,85,85,42.43924722,42.43924722,-83.09472778,-83.09472778,1,Rollover/Overturn,0,The First Harmful Event was Not a Collision with a Motor Vehicle in Transport,1,Yes,19,Other location within Interchange Area,1,Not an Intersection,4,On Roadside,0,None,1,Daylight,2,Rain,0,No,0000000,Not Applicable,7,7:00am-7:59am,25,25,7,7:00am-7:59am,32,32,88,Not Applicable (Not Transported),88,Not Applicable (Not Transported),1
26,Michigan,260758,1,1,1,1,0,1,1,163,WAYNE (163),1260,DETROIT,5,May,12,12,5,Thursday,2022,1,1:00am-1:59am,27,27,FRENCH RD,NA,6,Local Street - Municipality,2,Urban,5,Major Collector,4,City or Municipal Highway Agency,0,This section IS NOT on the NHS,0,No Special Jurisdiction,10,10,42.39011389,42.39011389,-82.99431389,-82.99431389,8,Pedestrian,0,The First Harmful Event was Not a Collision with a Motor Vehicle in Transport,0,No,1,Non-Junction,1,Not an Intersection,1,On Roadway,0,None,3,Dark - Lighted,1,Clear,0,No,0000000,Not Applicable,99,Unknown,98,Unknown if Notified,99,Unknown EMS Scene Arrival Hour,98,Unknown if Arrived,99,Unknown,98,Unknown if Transported,1
26,Michigan,260759,0,0,2,2,0,2,2,163,WAYNE (163),1212,DEARBORN HEIGHTS,9,September,7,7,4,Wednesday,2022,16,4:00pm-4:59pm,15,15,ANNAPOLIS AVE,BEECH DALY RD,6,Local Street - Municipality,2,Urban,5,Major Collector,4,City or Municipal Highway Agency,0,This section IS NOT on the NHS,0,No Special Jurisdiction,25,25,42.27590556,42.27590556,-83.28973611,-83.28973611,12,Motor Vehicle In-Transport,6,Angle,0,No,2,Intersection,2,Four-Way Intersection,1,On Roadway,0,None,1,Daylight,1,Clear,0,No,0000000,Not Applicable,99,Unknown,99,Unknown,99,Unknown EMS Scene Arrival Hour,99,Unknown EMS Scene Arrival Minutes,99,Unknown,99,Unknown EMS Hospital Arrival Time,1
26,Michigan,260760,0,0,3,3,0,3,3,159,VAN BUREN (159),0,NOT APPLICABLE,9,September,21,21,4,Wednesday,2022,5,5:00am-5:59am,32,32,SR-51,NA,3,State Highway,1,Rural,4,Minor Arterial,1,State Highway Agency,0,This section IS NOT on the NHS,0,No Special Jurisdiction,130,130,42.16939444,42.16939444,-85.96548333,-85.96548333,12,Motor Vehicle In-Transport,8,Sideswipe - Opposite Direction,0,No,1,Non-Junction,1,Not an Intersection,1,On Roadway,0,None,2,Dark - Not Lighted,1,Clear,0,No,0000000,Not Applicable,99,Unknown,99,Unknown,99,Unknown EMS Scene Arrival Hour,99,Unknown EMS Scene Arrival Minutes,99,Unknown,99,Unknown EMS Hospital Arrival Time,1
26,Michigan,260761,0,0,3,3,0,4,4,155,SHIAWASSEE (155),0,NOT APPLICABLE,9,September,24,24,7,Saturday,2022,12,12:00pm-12:59pm,30,30,CR-EASTON RD,NA,4,County Road,1,Rural,5,Major Collector,2,County Highway Agency,0,This section IS NOT on the NHS,0,No Special Jurisdiction,51,51,43.11345,43.11345,-84.04548889,-84.04548889,12,Motor Vehicle In-Transport,1,Front-to-Rear,0,No,1,Non-Junction,1,Not an Intersection,1,On Roadway,0,None,1,Daylight,10,Cloudy,0,No,0000000,Not Applicable,99,Unknown,99,Unknown,99,Unknown EMS Scene Arrival Hour,99,Unknown EMS Scene Arrival Minutes,99,Unknown,99,Unknown EMS Hospital Arrival Time,1
26,Michigan,260762,0,0,1,1,0,1,1,103,MARQUETTE (103),2480,ISHPEMING,8,August,11,11,5,Thursday,2022,10,10:00am-10:59am,56,56,SAGINAW RD,NA,6,Local Street - Municipality,2,Urban,5,Major Collector,4,City or Municipal Highway Agency,0,This section IS NOT on the NHS,0,No Special Jurisdiction,125,125,46.47088889,46.47088889,-87.68771111,-87.68771111,38,Fence,0,The First Harmful Event was Not a Collision with a Motor Vehicle in Transport,0,No,1,Non-Junction,1,Not an Intersection,5,Outside Trafficway,0,None,1,Daylight,1,Clear,0,No,0000000,Not Applicable,99,Unknown,99,Unknown,99,Unknown EMS Scene Arrival Hour,99,Unknown EMS Scene Arrival Minutes,99,Unknown,99,Unknown EMS Hospital Arrival Time,1
26,Michigan,260763,0,0,3,1,2,3,3,163,WAYNE (163),1260,DETROIT,8,August,29,29,2,Monday,2022,0,0:00am-0:59am,27,27,CONNER ST,NA,6,Local Street - Municipality,2,Urban,5,Major Collector,4,City or Municipal Highway Agency,0,This section IS NOT on the NHS,0,No Special Jurisdiction,7,7,42.36922222,42.36922222,-82.95854444,-82.95854444,30,Utility Pole/Light Support,0,The First Harmful Event was Not a Collision with a Motor Vehicle in Transport,0,No,1,Non-Junction,1,Not an Intersection,4,On Roadside,1,Construction,2,Dark - Not Lighted,1,Clear,0,No,0000000,Not Applicable,99,Unknown,99,Unknown,99,Unknown EMS Scene Arrival Hour,99,Unknown EMS Scene Arrival Minutes,99,Unknown,99,Unknown EMS Hospital Arrival Time,1
26,Michigan,260764,0,0,1,1,0,1,1,163,WAYNE (163),2850,LIVONIA,7,July,30,30,7,Saturday,2022,23,11:00pm-11:59pm,55,55,CR-5 MILE RD,NA,4,County Road,2,Urban,4,Minor Arterial,2,County Highway Agency,0,This section IS NOT on the NHS,0,No Special Jurisdiction,46,46,42.39703056,42.39703056,-83.37879167,-83.37879167,38,Fence,0,The First Harmful Event was Not a Collision with a Motor Vehicle in Transport,0,No,1,Non-Junction,1,Not an Intersection,5,Outside Trafficway,0,None,2,Dark - Not Lighted,1,Clear,0,No,0000000,Not Applicable,99,Unknown,99,Unknown,99,Unknown EMS Scene Arrival Hour,99,Unknown EMS Scene Arrival Minutes,99,Unknown,99,Unknown EMS Hospital Arrival Time,1
26,Michigan,260765,0,0,2,2,0,4,4,99,MACOMB (99),0,NOT APPLICABLE,3,March,20,20,1,Sunday,2022,14,2:00pm-2:59pm,43,43,CR-25 MILE RD,SHELBY RD,4,County Road,2,Urban,4,Minor Arterial,2,County Highway Agency,0,This section IS NOT on the NHS,0,No Special Jurisdiction,13,13,42.69762222,42.69762222,-83.06960278,-83.06960278,12,Motor Vehicle In-Transport,2,Front-to-Front,0,No,2,Intersection,2,Four-Way Intersection,1,On Roadway,0,None,1,Daylight,1,Clear,0,No,0000000,Not Applicable,14,2:00pm-2:59pm,50,50,14,2:00pm-2:59pm,56,56,99,Unknown,99,Unknown EMS Hospital Arrival Time,1
26,Michigan,260766,0,0,1,1,0,1,1,49,GENESEE (49),0,NOT APPLICABLE,10,October,2,2,1,Sunday,2022,3,3:00am-3:59am,14,14,US-23,NA,2,US Highway,2,Urban,2,Principal Arterial - Other Freeways and Expressways,1,State Highway Agency,1,This section IS ON the NHS,0,No Special Jurisdiction,122,122,42.95123889,42.95123889,-83.72473889,-83.72473889,1,Rollover/Overturn,0,The First Harmful Event was Not a Collision with a Motor Vehicle in Transport,0,No,1,Non-Junction,1,Not an Intersection,3,On Median,0,None,2,Dark - Not Lighted,1,Clear,0,No,0000000,Not Applicable,99,Unknown,98,Unknown if Notified,99,Unknown EMS Scene Arrival Hour,98,Unknown if Arrived,88,Not Applicable (Not Transported),88,Not Applicable (Not Transported),1
26,Michigan,260767,0,0,1,1,0,1,1,125,OAKLAND (125),512,BLOOMFIELD VILLAGE,10,October,3,3,2,Monday,2022,5,5:00am-5:59am,41,41,CR-KENSINGTON RD,WATTLES RD,4,County Road,2,Urban,5,Major Collector,2,County Highway Agency,0,This section IS NOT on the NHS,0,No Special Jurisdiction,20,20,42.57538611,42.57538611,-83.22479167,-83.22479167,42,Tree (Standing Only),0,The First Harmful Event was Not a Collision with a Motor Vehicle in Transport,0,No,3,Intersection-Related,3,T-Intersection,4,On Roadside,0,None,2,Dark - Not Lighted,1,Clear,0,No,0000000,Not Applicable,99,Unknown,98,Unknown if Notified,99,Unknown EMS Scene Arrival Hour,98,Unknown if Arrived,88,Not Applicable (Not Transported),88,Not Applicable (Not Transported),1
26,Michigan,260768,1,1,2,2,0,2,2,25,CALHOUN (25),3060,MARSHALL,9,September,7,7,4,Wednesday,2022,5,5:00am-5:59am,48,48,SR-I-94 BR W MICHIGAN AVE,W WEST DR,3,State Highway,2,Urban,3,Principal Arterial - Other,1,State Highway Agency,1,This section IS ON the NHS,0,No Special Jurisdiction,111,111,42.27160556,42.27160556,-84.98372778,-84.98372778,8,Pedestrian,0,The First Harmful Event was Not a Collision with a Motor Vehicle in Transport,0,No,3,Intersection-Related,3,T-Intersection,1,On Roadway,0,None,3,Dark - Lighted,5,"Fog, Smog, Smoke",0,No,0000000,Not Applicable,5,5:00am-5:59am,49,49,5,5:00am-5:59am,52,52,88,Not Applicable (Not Transported),88,Not Applicable (Not Transported),1
26,Michigan,260769,0,0,2,2,0,2,2,163,WAYNE (163),1260,DETROIT,10,October,1,1,7,Saturday,2022,15,3:00pm-3:59pm,30,30,SR-1 WOODWARD AVE,STATE FAIR ST,3,State Highway,2,Urban,3,Principal Arterial - Other,1,State Highway Agency,1,This section IS ON the NHS,0,No Special Jurisdiction,5,5,42.43930833,42.43930833,-83.12028889,-83.12028889,12,Motor Vehicle In-Transport,1,Front-to-Rear,0,No,3,Intersection-Related,2,Four-Way Intersection,1,On Roadway,0,None,1,Daylight,1,Clear,0,No,0000000,Not Applicable,99,Unknown,99,Unknown,99,Unknown EMS Scene Arrival Hour,99,Unknown EMS Scene Arrival Minutes,99,Unknown,99,Unknown EMS Hospital Arrival Time,1
26,Michigan,260770,0,0,1,1,0,1,1,129,OGEMAW (129),0,NOT APPLICABLE,10,October,23,23,1,Sunday,2022,12,12:00pm-12:59pm,49,49,CR-RAU RD,NA,4,County Road,1,Rural,7,Local,2,County Highway Agency,0,This section IS NOT on the NHS,0,No Special Jurisdiction,19,19,44.233325,44.233325,-84.35406944,-84.35406944,42,Tree (Standing Only),0,The First Harmful Event was Not a Collision with a Motor Vehicle in Transport,0,No,1,Non-Junction,1,Not an Intersection,4,On Roadside,0,None,1,Daylight,1,Clear,0,No,0000000,Not Applicable,99,Unknown,99,Unknown,99,Unknown EMS Scene Arrival Hour,99,Unknown EMS Scene Arrival Minutes,88,Not Applicable (Not Transported),88,Not Applicable (Not Transported),1
26,Michigan,260771,1,1,1,1,0,1,1,163,WAYNE (163),2850,LIVONIA,10,October,14,14,6,Friday,2022,5,5:00am-5:59am,5,5,I-275/I-96,NA,1,Interstate,2,Urban,1,Interstate,1,State Highway Agency,1,This section IS ON the NHS,0,No Special Jurisdiction,10,10,42.42534722,42.42534722,-83.42413611,-83.42413611,8,Pedestrian,0,The First Harmful Event was Not a Collision with a Motor Vehicle in Transport,0,No,1,Non-Junction,1,Not an Intersection,1,On Roadway,0,None,2,Dark - Not Lighted,1,Clear,0,No,0000000,Not Applicable,5,5:00am-5:59am,7,7,5,5:00am-5:59am,17,17,88,Not Applicable (Not Transported),88,Not Applicable (Not Transported),1
26,Michigan,260772,0,0,2,2,0,2,2,23,BRANCH (23),0,NOT APPLICABLE,10,October,22,22,7,Saturday,2022,0,0:00am-0:59am,46,46,SR-60,NA,3,State Highway,1,Rural,4,Minor Arterial,1,State Highway Agency,0,This section IS NOT on the NHS,0,No Special Jurisdiction,51,51,42.06341667,42.06341667,-85.19909167,-85.19909167,12,Motor Vehicle In-Transport,2,Front-to-Front,0,No,1,Non-Junction,1,Not an Intersection,1,On Roadway,0,None,2,Dark - Not Lighted,1,Clear,0,No,0000000,Not Applicable,0,0:00am-0:59am,46,46,1,1:00am-1:59am,13,13,88,Not Applicable (Not Transported),88,Not Applicable (Not Transported),1
26,Michigan,260773,0,0,2,2,0,4,4,27,CASS (27),0,NOT APPLICABLE,10,October,26,26,4,Wednesday,2022,16,4:00pm-4:59pm,2,2,US-12,NA,2,US Highway,2,Urban,4,Minor Arterial,1,State Highway Agency,0,This section IS NOT on the NHS,0,No Special Jurisdiction,111,111,41.79512778,41.79512778,-86.03648333,-86.03648333,12,Motor Vehicle In-Transport,2,Front-to-Front,0,No,1,Non-Junction,1,Not an Intersection,1,On Roadway,0,None,1,Daylight,1,Clear,0,No,0000000,Not Applicable,16,4:00pm-4:59pm,3,3,16,4:00pm-4:59pm,7,7,99,Unknown,99,Unknown EMS Hospital Arrival Time,1
26,Michigan,260774,1,1,1,1,0,1,1,93,LIVINGSTON (93),0,NOT APPLICABLE,10,October,7,7,6,Friday,2022,10,10:00am-10:59am,27,27,CR-NICHOLSON RD,NA,4,County Road,1,Rural,6,Minor Collector,2,County Highway Agency,0,This section IS NOT on the NHS,0,No Special Jurisdiction,25,25,42.63600556,42.63600556,-84.11142778,-84.11142778,9,Pedalcyclist,0,The First Harmful Event was Not a Collision with a Motor Vehicle in Transport,0,No,8,Driveway Access Related,1,Not an Intersection,1,On Roadway,0,None,1,Daylight,1,Clear,0,No,0000000,Not Applicable,10,10:00am-10:59am,27,27,10,10:00am-10:59am,38,38,88,Not Applicable (Not Transported),88,Not Applicable (Not Transported),1
26,Michigan,260775,0,0,3,3,0,3,3,57,GRATIOT (57),0,NOT APPLICABLE,10,October,21,21,6,Friday,2022,11,11:00am-11:59am,30,30,US-127,NA,2,US Highway,1,Rural,2,Principal Arterial - Other Freeways and Expressways,1,State Highway Agency,1,This section IS ON the NHS,0,No Special Jurisdiction,166,166,43.34892222,43.34892222,-84.60150278,-84.60150278,12,Motor Vehicle In-Transport,1,Front-to-Rear,0,No,1,Non-Junction,1,Not an Intersection,1,On Roadway,0,None,1,Daylight,1,Clear,0,No,0000000,Not Applicable,11,11:00am-11:59am,30,30,11,11:00am-11:59am,45,45,99,Unknown,99,Unknown EMS Hospital Arrival Time,1
26,Michigan,260776,0,0,2,2,0,2,2,49,GENESEE (49),686,BURTON,10,October,23,23,1,Sunday,2022,19,7:00pm-7:59pm,20,20,ATHERTON RD,WINDY WOOD DR,6,Local Street - Municipality,2,Urban,4,Minor Arterial,4,City or Municipal Highway Agency,0,This section IS NOT on the NHS,0,No Special Jurisdiction,48,48,42.98967778,42.98967778,-83.61918889,-83.61918889,12,Motor Vehicle In-Transport,2,Front-to-Front,0,No,2,Intersection,3,T-Intersection,1,On Roadway,0,None,3,Dark - Lighted,10,Cloudy,0,No,0000000,Not Applicable,99,Unknown,99,Unknown,99,Unknown EMS Scene Arrival Hour,99,Unknown EMS Scene Arrival Minutes,88,Not Applicable (Not Transported),88,Not Applicable (Not Transported),1
26,Michigan,260777,1,1,1,1,0,1,1,73,ISABELLA (73),0,NOT APPLICABLE,10,October,23,23,1,Sunday,2022,17,5:00pm-5:59pm,25,25,CR-W RIVER RD,NA,4,County Road,1,Rural,5,Major Collector,2,County Highway Agency,0,This section IS NOT on the NHS,0,No Special Jurisdiction,74,74,43.62682778,43.62682778,-84.94009167,-84.94009167,42,Tree (Standing Only),0,The First Harmful Event was Not a Collision with a Motor Vehicle in Transport,0,No,1,Non-Junction,1,Not an Intersection,5,Outside Trafficway,0,None,1,Daylight,1,Clear,0,No,0000000,Not Applicable,99,Unknown,99,Unknown,99,Unknown EMS Scene Arrival Hour,99,Unknown EMS Scene Arrival Minutes,88,Not Applicable (Not Transported),88,Not Applicable (Not Transported),1
26,Michigan,260778,2,2,1,1,0,1,1,17,BAY (17),320,BAY CITY,10,October,1,1,7,Saturday,2022,18,6:00pm-6:59pm,21,21,COLUMBUS AVE,N SHERMAN ST,6,Local Street - Municipality,2,Urban,4,Minor Arterial,4,City or Municipal Highway Agency,0,This section IS NOT on the NHS,0,No Special Jurisdiction,6,6,43.58941111,43.58941111,-83.87925833,-83.87925833,8,Pedestrian,0,The First Harmful Event was Not a Collision with a Motor Vehicle in Transport,0,No,2,Intersection,2,Four-Way Intersection,1,On Roadway,0,None,1,Daylight,1,Clear,0,No,0000000,Not Applicable,18,6:00pm-6:59pm,21,21,18,6:00pm-6:59pm,24,24,99,Unknown,99,Unknown EMS Hospital Arrival Time,1
26,Michigan,260779,0,0,2,2,0,3,3,161,WASHTENAW (161),0,NOT APPLICABLE,10,October,29,29,7,Saturday,2022,18,6:00pm-6:59pm,23,23,SR-153 FORD RD,GOTFREDSON RD,3,State Highway,1,Rural,3,Principal Arterial - Other,1,State Highway Agency,1,This section IS ON the NHS,0,No Special Jurisdiction,25,25,42.32026667,42.32026667,-83.56588611,-83.56588611,12,Motor Vehicle In-Transport,6,Angle,0,No,2,Intersection,2,Four-Way Intersection,1,On Roadway,0,None,5,Dusk,1,Clear,0,No,0000000,Not Applicable,18,6:00pm-6:59pm,24,24,18,6:00pm-6:59pm,31,31,99,Unknown,99,Unknown EMS Hospital Arrival Time,2
26,Michigan,260780,1,1,1,1,0,3,3,81,KENT (81),2010,GRAND RAPIDS,10,October,7,7,6,Friday,2022,20,8:00pm-8:59pm,38,38,SR-37 BELTLINE AVE,NA,3,State Highway,2,Urban,3,Principal Arterial - Other,1,State Highway Agency,1,This section IS ON the NHS,0,No Special Jurisdiction,84,84,42.91589722,42.91589722,-85.58361667,-85.58361667,8,Pedestrian,0,The First Harmful Event was Not a Collision with a Motor Vehicle in Transport,0,No,1,Non-Junction,1,Not an Intersection,1,On Roadway,0,None,2,Dark - Not Lighted,1,Clear,0,No,0000000,Not Applicable,20,8:00pm-8:59pm,40,40,20,8:00pm-8:59pm,45,45,99,Unknown,99,Unknown EMS Hospital Arrival Time,1
26,Michigan,260781,0,0,1,1,0,3,3,143,ROSCOMMON (143),0,NOT APPLICABLE,10,October,9,9,1,Sunday,2022,0,0:00am-0:59am,25,25,CR-WINDYWOOD DR,ARTESIA BEACH RD,4,County Road,1,Rural,7,Local,2,County Highway Agency,0,This section IS NOT on the NHS,0,No Special Jurisdiction,0,None,44.34908333,44.34908333,-84.43133889,-84.43133889,1,Rollover/Overturn,0,The First Harmful Event was Not a Collision with a Motor Vehicle in Transport,0,No,3,Intersection-Related,3,T-Intersection,1,On Roadway,0,None,3,Dark - Lighted,1,Clear,0,No,0000000,Not Applicable,99,Unknown,99,Unknown,99,Unknown EMS Scene Arrival Hour,99,Unknown EMS Scene Arrival Minutes,99,Unknown,99,Unknown EMS Hospital Arrival Time,1
26,Michigan,260782,1,1,1,1,0,1,1,163,WAYNE (163),1260,DETROIT,10,October,11,11,3,Tuesday,2022,7,7:00am-7:59am,26,26,CHALMERS RD,ROCHELLE ST,6,Local Street - Municipality,2,Urban,4,Minor Arterial,4,City or Municipal Highway Agency,0,This section IS NOT on the NHS,0,No Special Jurisdiction,38,38,42.42298889,42.42298889,-82.97489444,-82.97489444,8,Pedestrian,0,The First Harmful Event was Not a Collision with a Motor Vehicle in Transport,0,No,3,Intersection-Related,2,Four-Way Intersection,1,On Roadway,0,None,1,Daylight,1,Clear,0,No,0000000,Not Applicable,99,Unknown,99,Unknown,99,Unknown EMS Scene Arrival Hour,99,Unknown EMS Scene Arrival Minutes,99,Unknown,99,Unknown EMS Hospital Arrival Time,1
26,Michigan,260783,2,2,1,1,0,1,1,73,ISABELLA (73),0,NOT APPLICABLE,10,October,16,16,1,Sunday,2022,8,8:00am-8:59am,21,21,CR-SUMMERTON RD,NA,4,County Road,1,Rural,7,Local,2,County Highway Agency,0,This section IS NOT on the NHS,0,No Special Jurisdiction,22,22,43.80279722,43.80279722,-84.72848333,-84.72848333,8,Pedestrian,0,The First Harmful Event was Not a Collision with a Motor Vehicle in Transport,0,No,1,Non-Junction,1,Not an Intersection,1,On Roadway,0,None,4,Dawn,1,Clear,0,No,0000000,Not Applicable,99,Unknown,99,Unknown,99,Unknown EMS Scene Arrival Hour,99,Unknown EMS Scene Arrival Minutes,99,Unknown,99,Unknown EMS Hospital Arrival Time,1
26,Michigan,260784,1,1,1,1,0,1,1,15,BARRY (15),0,NOT APPLICABLE,10,October,27,27,5,Thursday,2022,13,1:00pm-1:59pm,5,5,SR-43,NA,3,State Highway,1,Rural,4,Minor Arterial,1,State Highway Agency,0,This section IS NOT on the NHS,0,No Special Jurisdiction,4,4,42.42531111,42.42531111,-85.43495833,-85.43495833,53,Mail Box,0,The First Harmful Event was Not a Collision with a Motor Vehicle in Transport,0,No,1,Non-Junction,1,Not an Intersection,4,On Roadside,0,None,1,Daylight,1,Clear,0,No,0000000,Not Applicable,99,Unknown,99,Unknown,99,Unknown EMS Scene Arrival Hour,99,Unknown EMS Scene Arrival Minutes,88,Not Applicable (Not Transported),88,Not Applicable (Not Transported),1
26,Michigan,260785,1,1,1,1,0,2,2,125,OAKLAND (125),1652,FARMINGTON HILLS,10,October,15,15,7,Saturday,2022,7,7:00am-7:59am,56,56,CR-12 MILE RD,NA,4,County Road,2,Urban,3,Principal Arterial - Other,2,County Highway Agency,1,This section IS ON the NHS,0,No Special Jurisdiction,95,95,42.49988889,42.49988889,-83.32923889,-83.32923889,8,Pedestrian,0,The First Harmful Event was Not a Collision with a Motor Vehicle in Transport,0,No,1,Non-Junction,1,Not an Intersection,1,On Roadway,0,None,2,Dark - Not Lighted,1,Clear,0,No,0000000,Not Applicable,8,8:00am-8:59am,18,18,8,8:00am-8:59am,99,Unknown EMS Scene Arrival Minutes,88,Not Applicable (Not Transported),88,Not Applicable (Not Transported),1
26,Michigan,260786,0,0,2,2,0,2,2,163,WAYNE (163),4815,TAYLOR,10,October,25,25,3,Tuesday,2022,20,8:00pm-8:59pm,6,6,CR-EUREKA RD,KERSTYN DR,4,County Road,2,Urban,3,Principal Arterial - Other,2,County Highway Agency,1,This section IS ON the NHS,0,No Special Jurisdiction,53,53,42.19628333,42.19628333,-83.30233889,-83.30233889,12,Motor Vehicle In-Transport,6,Angle,0,No,2,Intersection,3,T-Intersection,1,On Roadway,0,None,3,Dark - Lighted,1,Clear,0,No,0000000,Not Applicable,99,Unknown,99,Unknown,99,Unknown EMS Scene Arrival Hour,99,Unknown EMS Scene Arrival Minutes,99,Unknown,99,Unknown EMS Hospital Arrival Time,1
26,Michigan,260787,1,1,1,1,0,1,1,125,OAKLAND (125),4251,ROCHESTER HILLS,10,October,29,29,7,Saturday,2022,2,2:00am-2:59am,21,21,SR-59,NA,3,State Highway,2,Urban,2,Principal Arterial - Other Freeways and Expressways,1,State Highway Agency,1,This section IS ON the NHS,0,No Special Jurisdiction,3,3,42.64533056,42.64533056,-83.19906667,-83.19906667,8,Pedestrian,0,The First Harmful Event was Not a Collision with a Motor Vehicle in Transport,1,Yes,20,Entrance/Exit Ramp,1,Not an Intersection,1,On Roadway,0,None,2,Dark - Not Lighted,1,Clear,0,No,0000000,Not Applicable,2,2:00am-2:59am,24,24,2,2:00am-2:59am,30,30,99,Unknown,99,Unknown EMS Hospital Arrival Time,1
26,Michigan,260788,1,1,1,1,0,1,1,163,WAYNE (163),1260,DETROIT,10,October,28,28,6,Friday,2022,23,11:00pm-11:59pm,30,30,SR-96 GRAND RIVER AVE,MAPLEWOOD,3,State Highway,2,Urban,3,Principal Arterial - Other,1,State Highway Agency,1,This section IS ON the NHS,0,No Special Jurisdiction,84,84,42.36161389,42.36161389,-83.12125556,-83.12125556,8,Pedestrian,0,The First Harmful Event was Not a Collision with a Motor Vehicle in Transport,0,No,3,Intersection-Related,2,Four-Way Intersection,1,On Roadway,0,None,3,Dark - Lighted,1,Clear,0,No,0000000,Not Applicable,99,Unknown,99,Unknown,99,Unknown EMS Scene Arrival Hour,99,Unknown EMS Scene Arrival Minutes,88,Not Applicable (Not Transported),88,Not Applicable (Not Transported),1
26,Michigan,260789,0,0,2,2,0,2,2,11,ARENAC (11),0,NOT APPLICABLE,10,October,18,18,3,Tuesday,2022,17,5:00pm-5:59pm,5,5,SR-13 S HURON RD,WORTH RD,3,State Highway,1,Rural,4,Minor Arterial,1,State Highway Agency,0,This section IS NOT on the NHS,0,No Special Jurisdiction,10,10,43.92509444,43.92509444,-83.96648056,-83.96648056,12,Motor Vehicle In-Transport,6,Angle,0,No,2,Intersection,2,Four-Way Intersection,1,On Roadway,0,None,1,Daylight,2,Rain,0,No,0000000,Not Applicable,99,Unknown,99,Unknown,99,Unknown EMS Scene Arrival Hour,99,Unknown EMS Scene Arrival Minutes,99,Unknown,99,Unknown EMS Hospital Arrival Time,1
26,Michigan,260790,0,0,2,2,0,6,6,43,DICKINSON (43),0,NOT APPLICABLE,10,October,30,30,1,Sunday,2022,15,3:00pm-3:59pm,2,2,CR-FOSTER CITY RD,NA,4,County Road,1,Rural,4,Minor Arterial,2,County Highway Agency,0,This section IS NOT on the NHS,0,No Special Jurisdiction,44,44,45.79467778,45.79467778,-87.72444167,-87.72444167,12,Motor Vehicle In-Transport,2,Front-to-Front,0,No,1,Non-Junction,1,Not an Intersection,1,On Roadway,0,None,1,Daylight,1,Clear,0,No,0000000,Not Applicable,99,Unknown,99,Unknown,99,Unknown EMS Scene Arrival Hour,99,Unknown EMS Scene Arrival Minutes,99,Unknown,99,Unknown EMS Hospital Arrival Time,3
26,Michigan,260791,0,0,1,1,0,1,1,75,JACKSON (75),0,NOT APPLICABLE,10,October,22,22,7,Saturday,2022,19,7:00pm-7:59pm,43,43,I-94/M-60 RAMP 006C,NA,1,Interstate,2,Urban,1,Interstate,1,State Highway Agency,1,This section IS ON the NHS,0,No Special Jurisdiction,3,3,42.27140278,42.27140278,-84.47628889,-84.47628889,24,Guardrail Face,0,The First Harmful Event was Not a Collision with a Motor Vehicle in Transport,1,Yes,5,Entrance/Exit Ramp Related,1,Not an Intersection,4,On Roadside,0,None,2,Dark - Not Lighted,10,Cloudy,0,No,0000000,Not Applicable,19,7:00pm-7:59pm,44,44,19,7:00pm-7:59pm,48,48,88,Not Applicable (Not Transported),88,Not Applicable (Not Transported),1
26,Michigan,260792,0,0,2,2,0,2,2,125,OAKLAND (125),2258,HIGHLAND,10,October,22,22,7,Saturday,2022,18,6:00pm-6:59pm,47,47,CR-HARVEY LAKE RD,NA,4,County Road,2,Urban,4,Minor Arterial,2,County Highway Agency,0,This section IS NOT on the NHS,0,No Special Jurisdiction,8,8,42.6542,42.6542,-83.60376111,-83.60376111,11,Live Animal,0,The First Harmful Event was Not a Collision with a Motor Vehicle in Transport,0,No,1,Non-Junction,1,Not an Intersection,1,On Roadway,0,None,1,Daylight,1,Clear,0,No,0000000,Not Applicable,18,6:00pm-6:59pm,48,48,18,6:00pm-6:59pm,51,51,88,Not Applicable (Not Transported),88,Not Applicable (Not Transported),1
26,Michigan,260793,1,1,1,1,0,2,2,163,WAYNE (163),2820,LINCOLN PARK,10,October,25,25,3,Tuesday,2022,20,8:00pm-8:59pm,21,21,FERRIS AVE,NA,6,Local Street - Municipality,2,Urban,7,Local,4,City or Municipal Highway Agency,0,This section IS NOT on the NHS,0,No Special Jurisdiction,2,2,42.25078333,42.25078333,-83.17016944,-83.17016944,9,Pedalcyclist,0,The First Harmful Event was Not a Collision with a Motor Vehicle in Transport,0,No,1,Non-Junction,1,Not an Intersection,1,On Roadway,0,None,2,Dark - Not Lighted,1,Clear,0,No,0000000,Not Applicable,99,Unknown,99,Unknown,99,Unknown EMS Scene Arrival Hour,99,Unknown EMS Scene Arrival Minutes,99,Unknown,99,Unknown EMS Hospital Arrival Time,1
26,Michigan,260794,0,0,2,2,0,3,3,139,OTTAWA (139),0,NOT APPLICABLE,10,October,20,20,5,Thursday,2022,17,5:00pm-5:59pm,19,19,CR-DOULAS AVE,NA,4,County Road,2,Urban,4,Minor Arterial,2,County Highway Agency,0,This section IS NOT on the NHS,0,No Special Jurisdiction,51,51,42.79843611,42.79843611,-86.12185,-86.12185,12,Motor Vehicle In-Transport,2,Front-to-Front,0,No,1,Non-Junction,1,Not an Intersection,1,On Roadway,0,None,1,Daylight,1,Clear,0,No,0000000,Not Applicable,17,5:00pm-5:59pm,21,21,17,5:00pm-5:59pm,22,22,99,Unknown,99,Unknown EMS Hospital Arrival Time,1
26,Michigan,260795,1,1,1,1,0,1,1,17,BAY (17),320,BAY CITY,10,October,7,7,6,Friday,2022,20,8:00pm-8:59pm,17,17,SR-84 GARFIELD AVE,16TH ST,3,State Highway,2,Urban,3,Principal Arterial - Other,1,State Highway Agency,1,This section IS ON the NHS,0,No Special Jurisdiction,9,9,43.58576389,43.58576389,-83.89071111,-83.89071111,8,Pedestrian,0,The First Harmful Event was Not a Collision with a Motor Vehicle in Transport,0,No,3,Intersection-Related,2,Four-Way Intersection,1,On Roadway,0,None,3,Dark - Lighted,1,Clear,0,No,0000000,Not Applicable,99,Unknown,99,Unknown,99,Unknown EMS Scene Arrival Hour,99,Unknown EMS Scene Arrival Minutes,88,Not Applicable (Not Transported),88,Not Applicable (Not Transported),1
26,Michigan,260796,0,0,2,2,0,2,2,29,CHARLEVOIX (29),0,NOT APPLICABLE,10,October,24,24,2,Monday,2022,23,11:00pm-11:59pm,33,33,US-31,NA,2,US Highway,1,Rural,3,Principal Arterial - Other,1,State Highway Agency,1,This section IS ON the NHS,0,No Special Jurisdiction,89,89,45.35958056,45.35958056,-85.10387222,-85.10387222,12,Motor Vehicle In-Transport,6,Angle,0,No,8,Driveway Access Related,1,Not an Intersection,1,On Roadway,0,None,2,Dark - Not Lighted,1,Clear,0,No,0000000,Not Applicable,23,11:00pm-11:59pm,34,34,23,11:00pm-11:59pm,48,48,88,Not Applicable (Not Transported),88,Not Applicable (Not Transported),1
26,Michigan,260797,0,0,1,1,0,1,1,99,MACOMB (99),4330,ROSEVILLE,10,October,26,26,4,Wednesday,2022,4,4:00am-4:59am,11,11,SR-97 GROESBECK HWY,NA,3,State Highway,2,Urban,3,Principal Arterial - Other,1,State Highway Agency,1,This section IS ON the NHS,0,No Special Jurisdiction,41,41,42.50178889,42.50178889,-82.96348889,-82.96348889,30,Utility Pole/Light Support,0,The First Harmful Event was Not a Collision with a Motor Vehicle in Transport,0,No,1,Non-Junction,1,Not an Intersection,4,On Roadside,0,None,3,Dark - Lighted,2,Rain,0,No,0000000,Not Applicable,99,Unknown,99,Unknown,99,Unknown EMS Scene Arrival Hour,99,Unknown EMS Scene Arrival Minutes,99,Unknown,99,Unknown EMS Hospital Arrival Time,1
26,Michigan,260798,1,1,1,1,0,2,2,55,GRAND TRAVERSE (55),0,NOT APPLICABLE,10,October,31,31,2,Monday,2022,7,7:00am-7:59am,12,12,SR-37 CENTER RD,NA,3,State Highway,2,Urban,4,Minor Arterial,1,State Highway Agency,0,This section IS NOT on the NHS,0,No Special Jurisdiction,30,30,44.80920556,44.80920556,-85.56221667,-85.56221667,9,Pedalcyclist,0,The First Harmful Event was Not a Collision with a Motor Vehicle in Transport,0,No,1,Non-Junction,1,Not an Intersection,1,On Roadway,0,None,2,Dark - Not Lighted,10,Cloudy,0,No,0000000,Not Applicable,99,Unknown,99,Unknown,99,Unknown EMS Scene Arrival Hour,99,Unknown EMS Scene Arrival Minutes,88,Not Applicable (Not Transported),88,Not Applicable (Not Transported),1
26,Michigan,260799,0,0,2,2,0,2,2,47,EMMET (47),0,NOT APPLICABLE,10,October,26,26,4,Wednesday,2022,14,2:00pm-2:59pm,27,27,US-31,NA,2,US Highway,2,Urban,3,Principal Arterial - Other,1,State Highway Agency,1,This section IS ON the NHS,0,No Special Jurisdiction,29,29,45.38929722,45.38929722,-84.90716667,-84.90716667,12,Motor Vehicle In-Transport,2,Front-to-Front,0,No,1,Non-Junction,1,Not an Intersection,1,On Roadway,0,None,1,Daylight,10,Cloudy,0,No,0000000,Not Applicable,14,2:00pm-2:59pm,27,27,14,2:00pm-2:59pm,33,33,99,Unknown,99,Unknown EMS Hospital Arrival Time,1
26,Michigan,260800,0,0,2,1,1,1,1,163,WAYNE (163),1260,DETROIT,10,October,24,24,2,Monday,2022,10,10:00am-10:59am,30,30,CR-OUTER DR,NA,4,County Road,2,Urban,4,Minor Arterial,2,County Highway Agency,0,This section IS NOT on the NHS,0,No Special Jurisdiction,17,17,42.41946389,42.41946389,-83.19805278,-83.19805278,33,Curb,0,The First Harmful Event was Not a Collision with a Motor Vehicle in Transport,0,No,1,Non-Junction,1,Not an Intersection,4,On Roadside,0,None,1,Daylight,1,Clear,0,No,0000000,Not Applicable,99,Unknown,99,Unknown,99,Unknown EMS Scene Arrival Hour,99,Unknown EMS Scene Arrival Minutes,88,Not Applicable (Not Transported),88,Not Applicable (Not Transported),1
26,Michigan,260801,1,1,1,1,0,1,1,163,WAYNE (163),0,NOT APPLICABLE,10,October,30,30,1,Sunday,2022,19,7:00pm-7:59pm,0,0,CR-BECK RD,NA,4,County Road,2,Urban,3,Principal Arterial - Other,2,County Highway Agency,1,This section IS ON the NHS,0,No Special Jurisdiction,70,70,42.36886111,42.36886111,-83.50938333,-83.50938333,8,Pedestrian,0,The First Harmful Event was Not a Collision with a Motor Vehicle in Transport,0,No,1,Non-Junction,1,Not an Intersection,1,On Roadway,0,None,2,Dark - Not Lighted,1,Clear,0,No,0000000,Not Applicable,99,Unknown,99,Unknown,99,Unknown EMS Scene Arrival Hour,99,Unknown EMS Scene Arrival Minutes,99,Unknown,99,Unknown EMS Hospital Arrival Time,1
26,Michigan,260802,0,0,2,2,0,3,3,149,ST JOSEPH (149),0,NOT APPLICABLE,11,November,1,1,3,Tuesday,2022,6,6:00am-6:59am,58,58,SR-60,ANGEVINE RD,3,State Highway,1,Rural,4,Minor Arterial,1,State Highway Agency,0,This section IS NOT on the NHS,0,No Special Jurisdiction,74,74,42.00618056,42.00618056,-85.50783056,-85.50783056,12,Motor Vehicle In-Transport,1,Front-to-Rear,0,No,2,Intersection,3,T-Intersection,1,On Roadway,0,None,2,Dark - Not Lighted,10,Cloudy,0,No,0000000,Not Applicable,7,7:00am-7:59am,1,1,7,7:00am-7:59am,9,9,99,Unknown,99,Unknown EMS Hospital Arrival Time,1
26,Michigan,260803,0,0,2,2,0,2,2,87,LAPEER (87),0,NOT APPLICABLE,10,October,20,20,5,Thursday,2022,18,6:00pm-6:59pm,7,7,SR-24 LAPEER RD,SAWDUST CORNERS RD,3,State Highway,1,Rural,4,Minor Arterial,1,State Highway Agency,0,This section IS NOT on the NHS,0,No Special Jurisdiction,174,174,43.13093056,43.13093056,-83.31038889,-83.31038889,12,Motor Vehicle In-Transport,6,Angle,0,No,2,Intersection,2,Four-Way Intersection,1,On Roadway,0,None,3,Dark - Lighted,1,Clear,0,No,0000000,Not Applicable,99,Unknown,99,Unknown,99,Unknown EMS Scene Arrival Hour,99,Unknown EMS Scene Arrival Minutes,88,Not Applicable (Not Transported),88,Not Applicable (Not Transported),1
26,Michigan,260804,0,0,3,3,0,3,3,115,MONROE (115),0,NOT APPLICABLE,11,November,1,1,3,Tuesday,2022,15,3:00pm-3:59pm,30,30,I-75,NA,1,Interstate,1,Rural,1,Interstate,1,State Highway Agency,1,This section IS ON the NHS,0,No Special Jurisdiction,16,16,41.75485278,41.75485278,-83.48261389,-83.48261389,12,Motor Vehicle In-Transport,1,Front-to-Rear,0,No,1,Non-Junction,1,Not an Intersection,1,On Roadway,0,None,1,Daylight,1,Clear,0,No,0000000,Not Applicable,99,Unknown,99,Unknown,99,Unknown EMS Scene Arrival Hour,99,Unknown EMS Scene Arrival Minutes,88,Not Applicable (Not Transported),88,Not Applicable (Not Transported),1
26,Michigan,260805,0,0,2,2,0,3,3,27,CASS (27),0,NOT APPLICABLE,10,October,26,26,4,Wednesday,2022,9,9:00am-9:59am,0,0,CR-OLD M205,NA,4,County Road,2,Urban,4,Minor Arterial,2,County Highway Agency,0,This section IS NOT on the NHS,0,No Special Jurisdiction,11,11,41.76690556,41.76690556,-85.95961944,-85.95961944,12,Motor Vehicle In-Transport,6,Angle,0,No,1,Non-Junction,1,Not an Intersection,1,On Roadway,0,None,8,Not Reported,2,Rain,0,No,0000000,Not Applicable,99,Unknown,99,Unknown,99,Unknown EMS Scene Arrival Hour,99,Unknown EMS Scene Arrival Minutes,99,Unknown,99,Unknown EMS Hospital Arrival Time,1
26,Michigan,260806,0,0,2,2,0,2,2,37,CLINTON (37),0,NOT APPLICABLE,11,November,4,4,6,Friday,2022,6,6:00am-6:59am,17,17,SR-21,E KREPPS RD,3,State Highway,1,Rural,4,Minor Arterial,1,State Highway Agency,0,This section IS NOT on the NHS,0,No Special Jurisdiction,169,169,43.00130833,43.00130833,-84.50358333,-84.50358333,12,Motor Vehicle In-Transport,6,Angle,0,No,2,Intersection,2,Four-Way Intersection,1,On Roadway,0,None,2,Dark - Not Lighted,1,Clear,0,No,0000000,Not Applicable,6,6:00am-6:59am,18,18,6,6:00am-6:59am,28,28,88,Not Applicable (Not Transported),88,Not Applicable (Not Transported),1
26,Michigan,260807,0,0,1,1,0,1,1,91,LENAWEE (91),0,NOT APPLICABLE,11,November,6,6,1,Sunday,2022,16,4:00pm-4:59pm,59,59,US-12,NA,2,US Highway,1,Rural,3,Principal Arterial - Other,1,State Highway Agency,1,This section IS ON the NHS,0,No Special Jurisdiction,4,4,42.06806667,42.06806667,-84.09733889,-84.09733889,53,Mail Box,0,The First Harmful Event was Not a Collision with a Motor Vehicle in Transport,0,No,1,Non-Junction,1,Not an Intersection,4,On Roadside,0,None,1,Daylight,1,Clear,0,No,0000000,Not Applicable,17,5:00pm-5:59pm,0,0,17,5:00pm-5:59pm,7,7,88,Not Applicable (Not Transported),88,Not Applicable (Not Transported),1
26,Michigan,260808,0,0,1,1,0,1,1,151,SANILAC (151),0,NOT APPLICABLE,10,October,27,27,5,Thursday,2022,19,7:00pm-7:59pm,0,0,CR-GALBRAITH LINE RD,NA,4,County Road,1,Rural,5,Major Collector,2,County Highway Agency,0,This section IS NOT on the NHS,0,No Special Jurisdiction,86,86,43.18735833,43.18735833,-82.82701389,-82.82701389,1,Rollover/Overturn,0,The First Harmful Event was Not a Collision with a Motor Vehicle in Transport,0,No,1,Non-Junction,1,Not an Intersection,1,On Roadway,0,None,2,Dark - Not Lighted,1,Clear,0,No,0000000,Not Applicable,19,7:00pm-7:59pm,2,2,19,7:00pm-7:59pm,12,12,99,Unknown,99,Unknown EMS Hospital Arrival Time,1
26,Michigan,260809,0,0,1,1,0,1,1,73,ISABELLA (73),0,NOT APPLICABLE,10,October,31,31,2,Monday,2022,12,12:00pm-12:59pm,34,34,CR-MISSION RD,NA,4,County Road,1,Rural,5,Major Collector,2,County Highway Agency,0,This section IS NOT on the NHS,0,No Special Jurisdiction,31,31,43.66223889,43.66223889,-84.76804722,-84.76804722,1,Rollover/Overturn,0,The First Harmful Event was Not a Collision with a Motor Vehicle in Transport,0,No,1,Non-Junction,1,Not an Intersection,4,On Roadside,0,None,1,Daylight,10,Cloudy,0,No,0000000,Not Applicable,99,Unknown,99,Unknown,99,Unknown EMS Scene Arrival Hour,99,Unknown EMS Scene Arrival Minutes,99,Unknown,99,Unknown EMS Hospital Arrival Time,1
26,Michigan,260810,0,0,4,4,0,9,9,99,MACOMB (99),4210,RICHMOND,11,November,6,6,1,Sunday,2022,14,2:00pm-2:59pm,36,36,DIVISION,FOREST ST,6,Local Street - Municipality,2,Urban,4,Minor Arterial,4,City or Municipal Highway Agency,0,This section IS NOT on the NHS,0,No Special Jurisdiction,179,179,42.80921667,42.80921667,-82.75471667,-82.75471667,12,Motor Vehicle In-Transport,1,Front-to-Rear,0,No,3,Intersection-Related,3,T-Intersection,1,On Roadway,0,None,1,Daylight,1,Clear,0,No,0000000,Not Applicable,14,2:00pm-2:59pm,39,39,14,2:00pm-2:59pm,41,41,99,Unknown,99,Unknown EMS Hospital Arrival Time,1
26,Michigan,260811,1,1,2,2,0,2,2,163,WAYNE (163),1260,DETROIT,11,November,6,6,1,Sunday,2022,1,1:00am-1:59am,20,20,I-75 RAMP 050A,NA,1,Interstate,2,Urban,1,Interstate,1,State Highway Agency,1,This section IS ON the NHS,0,No Special Jurisdiction,2,2,42.44111389,42.44111389,-83.09468333,-83.09468333,8,Pedestrian,0,The First Harmful Event was Not a Collision with a Motor Vehicle in Transport,1,Yes,20,Entrance/Exit Ramp,1,Not an Intersection,1,On Roadway,0,None,3,Dark - Lighted,10,Cloudy,0,No,0000000,Not Applicable,99,Unknown,99,Unknown,99,Unknown EMS Scene Arrival Hour,99,Unknown EMS Scene Arrival Minutes,88,Not Applicable (Not Transported),88,Not Applicable (Not Transported),1
26,Michigan,260812,0,0,1,1,0,1,1,15,BARRY (15),0,NOT APPLICABLE,10,October,18,18,3,Tuesday,2022,13,1:00pm-1:59pm,21,21,CR-HUFF RD,NA,4,County Road,1,Rural,7,Local,2,County Highway Agency,0,This section IS NOT on the NHS,0,No Special Jurisdiction,21,21,42.42808889,42.42808889,-85.134075,-85.134075,42,Tree (Standing Only),0,The First Harmful Event was Not a Collision with a Motor Vehicle in Transport,0,No,1,Non-Junction,1,Not an Intersection,4,On Roadside,0,None,1,Daylight,2,Rain,0,No,0000000,Not Applicable,99,Unknown,99,Unknown,99,Unknown EMS Scene Arrival Hour,99,Unknown EMS Scene Arrival Minutes,88,Not Applicable (Not Transported),88,Not Applicable (Not Transported),1
26,Michigan,260813,0,0,3,3,0,4,4,81,KENT (81),0,NOT APPLICABLE,11,November,12,12,7,Saturday,2022,14,2:00pm-2:59pm,51,51,SR-57 14 MILE RD,NA,3,State Highway,2,Urban,4,Minor Arterial,1,State Highway Agency,0,This section IS NOT on the NHS,0,No Special Jurisdiction,59,59,43.17682222,43.17682222,-85.53505,-85.53505,12,Motor Vehicle In-Transport,7,Sideswipe - Same Direction,0,No,1,Non-Junction,1,Not an Intersection,1,On Roadway,0,None,1,Daylight,1,Clear,0,No,0000000,Not Applicable,14,2:00pm-2:59pm,49,49,15,3:00pm-3:59pm,0,0,99,Unknown,99,Unknown EMS Hospital Arrival Time,1
26,Michigan,260814,0,0,3,3,0,4,4,125,OAKLAND (125),2725,LATHRUP VILLAGE,10,October,15,15,7,Saturday,2022,8,8:00am-8:59am,9,9,I-696,NA,1,Interstate,2,Urban,1,Interstate,1,State Highway Agency,1,This section IS ON the NHS,0,No Special Jurisdiction,119,119,42.48793333,42.48793333,-83.21799722,-83.21799722,12,Motor Vehicle In-Transport,1,Front-to-Rear,0,No,1,Non-Junction,1,Not an Intersection,1,On Roadway,4,"Work Zone, Type Unknown",1,Daylight,10,Cloudy,0,No,0000000,Not Applicable,99,Unknown,99,Unknown,99,Unknown EMS Scene Arrival Hour,99,Unknown EMS Scene Arrival Minutes,99,Unknown,99,Unknown EMS Hospital Arrival Time,1
26,Michigan,260815,1,1,1,1,0,1,1,163,WAYNE (163),1260,DETROIT,11,November,10,10,5,Thursday,2022,13,1:00pm-1:59pm,45,45,CR-LAHSER RD,NA,4,County Road,2,Urban,4,Minor Arterial,2,County Highway Agency,0,This section IS NOT on the NHS,0,No Special Jurisdiction,20,20,42.41157778,42.41157778,-83.25734722,-83.25734722,8,Pedestrian,0,The First Harmful Event was Not a Collision with a Motor Vehicle in Transport,0,No,1,Non-Junction,1,Not an Intersection,7,In Parking Lane/Zone,0,None,1,Daylight,1,Clear,0,No,0000000,Not Applicable,99,Unknown,99,Unknown,99,Unknown EMS Scene Arrival Hour,99,Unknown EMS Scene Arrival Minutes,88,Not Applicable (Not Transported),88,Not Applicable (Not Transported),1
26,Michigan,260816,1,1,3,3,0,2,2,73,ISABELLA (73),0,NOT APPLICABLE,10,October,17,17,2,Monday,2022,5,5:00am-5:59am,47,47,US-127,NA,2,US Highway,2,Urban,2,Principal Arterial - Other Freeways and Expressways,1,State Highway Agency,1,This section IS ON the NHS,0,No Special Jurisdiction,104,104,43.59229722,43.59229722,-84.73796111,-84.73796111,12,Motor Vehicle In-Transport,1,Front-to-Rear,0,No,1,Non-Junction,1,Not an Intersection,1,On Roadway,0,None,2,Dark - Not Lighted,1,Clear,0,No,0000000,Not Applicable,99,Unknown,98,Unknown if Notified,99,Unknown EMS Scene Arrival Hour,98,Unknown if Arrived,88,Not Applicable (Not Transported),88,Not Applicable (Not Transported),1
26,Michigan,260817,0,0,3,3,0,6,6,139,OTTAWA (139),0,NOT APPLICABLE,11,November,5,5,7,Saturday,2022,15,3:00pm-3:59pm,5,5,SR-45 LAKE MICHIGAN DR,NA,3,State Highway,2,Urban,3,Principal Arterial - Other,1,State Highway Agency,1,This section IS ON the NHS,0,No Special Jurisdiction,82,82,42.97255833,42.97255833,-85.799425,-85.799425,12,Motor Vehicle In-Transport,7,Sideswipe - Same Direction,0,No,1,Non-Junction,1,Not an Intersection,1,On Roadway,0,None,1,Daylight,2,Rain,0,No,0000000,Not Applicable,15,3:00pm-3:59pm,6,6,15,3:00pm-3:59pm,25,25,99,Unknown,99,Unknown EMS Hospital Arrival Time,1
26,Michigan,260818,0,0,1,1,0,4,4,15,BARRY (15),0,NOT APPLICABLE,10,October,26,26,4,Wednesday,2022,23,11:00pm-11:59pm,0,0,CR-MAPLE GROVE RD,NA,4,County Road,1,Rural,7,Local,2,County Highway Agency,0,This section IS NOT on the NHS,0,No Special Jurisdiction,15,15,42.55159444,42.55159444,-85.22588056,-85.22588056,1,Rollover/Overturn,0,The First Harmful Event was Not a Collision with a Motor Vehicle in Transport,0,No,1,Non-Junction,1,Not an Intersection,4,On Roadside,0,None,2,Dark - Not Lighted,1,Clear,0,No,0000000,Not Applicable,23,11:00pm-11:59pm,40,40,23,11:00pm-11:59pm,50,50,99,Unknown,99,Unknown EMS Hospital Arrival Time,1
26,Michigan,260819,0,1,3,1,2,2,1,163,WAYNE (163),1260,DETROIT,10,October,24,24,2,Monday,2022,13,1:00pm-1:59pm,43,43,CR-OUTER DR,NA,4,County Road,2,Urban,4,Minor Arterial,2,County Highway Agency,0,This section IS NOT on the NHS,0,No Special Jurisdiction,11,11,42.41908611,42.41908611,-83.21104444,-83.21104444,14,Parked Motor Vehicle,0,The First Harmful Event was Not a Collision with a Motor Vehicle in Transport,0,No,1,Non-Junction,1,Not an Intersection,5,Outside Trafficway,0,None,1,Daylight,1,Clear,0,No,0000000,Not Applicable,99,Unknown,99,Unknown,99,Unknown EMS Scene Arrival Hour,99,Unknown EMS Scene Arrival Minutes,99,Unknown,99,Unknown EMS Hospital Arrival Time,1
26,Michigan,260820,0,0,1,1,0,2,2,5,ALLEGAN (5),0,NOT APPLICABLE,9,September,13,13,3,Tuesday,2022,8,8:00am-8:59am,5,5,CR-PATTERSON RD,NA,4,County Road,1,Rural,5,Major Collector,2,County Highway Agency,0,This section IS NOT on the NHS,0,No Special Jurisdiction,4,4,42.60663056,42.60663056,-85.54390278,-85.54390278,42,Tree (Standing Only),0,The First Harmful Event was Not a Collision with a Motor Vehicle in Transport,0,No,1,Non-Junction,1,Not an Intersection,4,On Roadside,0,None,1,Daylight,10,Cloudy,0,No,0000000,Not Applicable,8,8:00am-8:59am,9,9,8,8:00am-8:59am,20,20,99,Unknown,99,Unknown EMS Hospital Arrival Time,1
26,Michigan,260821,2,2,1,1,0,1,1,147,ST. CLAIR (147),0,NOT APPLICABLE,11,November,12,12,7,Saturday,2022,19,7:00pm-7:59pm,1,1,SR-25 24TH AVE,NA,3,State Highway,2,Urban,3,Principal Arterial - Other,1,State Highway Agency,1,This section IS ON the NHS,0,No Special Jurisdiction,20,20,43.05146111,43.05146111,-82.45742778,-82.45742778,8,Pedestrian,0,The First Harmful Event was Not a Collision with a Motor Vehicle in Transport,0,No,1,Non-Junction,1,Not an Intersection,1,On Roadway,0,None,2,Dark - Not Lighted,1,Clear,0,No,0000000,Not Applicable,19,7:00pm-7:59pm,3,3,19,7:00pm-7:59pm,7,7,99,Unknown,99,Unknown EMS Hospital Arrival Time,1
26,Michigan,260822,0,0,2,2,0,4,4,139,OTTAWA (139),0,NOT APPLICABLE,11,November,12,12,7,Saturday,2022,20,8:00pm-8:59pm,45,45,CR-96TH ST,NA,4,County Road,1,Rural,5,Major Collector,2,County Highway Agency,0,This section IS NOT on the NHS,0,No Special Jurisdiction,57,57,42.85146389,42.85146389,-86.0202,-86.0202,12,Motor Vehicle In-Transport,6,Angle,0,No,1,Non-Junction,1,Not an Intersection,1,On Roadway,0,None,2,Dark - Not Lighted,4,Snow,0,No,0000000,Not Applicable,20,8:00pm-8:59pm,48,48,20,8:00pm-8:59pm,58,58,99,Unknown,99,Unknown EMS Hospital Arrival Time,1
26,Michigan,260823,0,0,1,1,0,1,1,145,SAGINAW (145),0,NOT APPLICABLE,11,November,1,1,3,Tuesday,2022,11,11:00am-11:59am,6,6,I-75,NA,1,Interstate,2,Urban,1,Interstate,1,State Highway Agency,1,This section IS ON the NHS,0,No Special Jurisdiction,152,152,43.41484444,43.41484444,-83.89127778,-83.89127778,21,Bridge Pier or Support,0,The First Harmful Event was Not a Collision with a Motor Vehicle in Transport,0,No,1,Non-Junction,1,Not an Intersection,4,On Roadside,0,None,1,Daylight,1,Clear,0,No,0000000,Not Applicable,99,Unknown,99,Unknown,99,Unknown EMS Scene Arrival Hour,99,Unknown EMS Scene Arrival Minutes,88,Not Applicable (Not Transported),88,Not Applicable (Not Transported),1
26,Michigan,260824,0,0,2,2,0,3,3,103,MARQUETTE (103),3480,NEGAUNEE,11,November,4,4,6,Friday,2022,5,5:00am-5:59am,30,30,US-41,TEAL LAKE AVE,2,US Highway,2,Urban,3,Principal Arterial - Other,1,State Highway Agency,1,This section IS ON the NHS,0,No Special Jurisdiction,349,349,46.50673056,46.50673056,-87.61267778,-87.61267778,12,Motor Vehicle In-Transport,6,Angle,0,No,2,Intersection,3,T-Intersection,1,On Roadway,0,None,3,Dark - Lighted,1,Clear,0,No,0000000,Not Applicable,99,Unknown,99,Unknown,99,Unknown EMS Scene Arrival Hour,99,Unknown EMS Scene Arrival Minutes,99,Unknown,99,Unknown EMS Hospital Arrival Time,1
26,Michigan,260825,0,0,1,1,0,1,1,125,OAKLAND (125),208,ABURN HILLS,11,November,14,14,2,Monday,2022,3,3:00am-3:59am,52,52,I-75 RAMP 031C,NA,1,Interstate,2,Urban,1,Interstate,1,State Highway Agency,1,This section IS ON the NHS,0,No Special Jurisdiction,0,None,42.70160556,42.70160556,-83.28493056,-83.28493056,35,Embankment,0,The First Harmful Event was Not a Collision with a Motor Vehicle in Transport,1,Yes,5,Entrance/Exit Ramp Related,1,Not an Intersection,8,Gore,0,None,3,Dark - Lighted,10,Cloudy,0,No,0000000,Not Applicable,3,3:00am-3:59am,52,52,3,3:00am-3:59am,58,58,88,Not Applicable (Not Transported),88,Not Applicable (Not Transported),1
26,Michigan,260826,0,0,1,1,0,1,1,45,EATON (45),0,NOT APPLICABLE,11,November,6,6,1,Sunday,2022,15,3:00pm-3:59pm,20,20,SR-50 E CLINTON TRL,NA,3,State Highway,1,Rural,4,Minor Arterial,1,State Highway Agency,0,This section IS NOT on the NHS,0,No Special Jurisdiction,33,33,42.55315,42.55315,-84.77156667,-84.77156667,42,Tree (Standing Only),0,The First Harmful Event was Not a Collision with a Motor Vehicle in Transport,0,No,1,Non-Junction,1,Not an Intersection,4,On Roadside,0,None,1,Daylight,1,Clear,0,No,0000000,Not Applicable,99,Unknown,99,Unknown,99,Unknown EMS Scene Arrival Hour,99,Unknown EMS Scene Arrival Minutes,88,Not Applicable (Not Transported),88,Not Applicable (Not Transported),1
26,Michigan,260827,1,1,1,1,0,1,1,81,KENT (81),2010,GRAND RAPIDS,10,October,16,16,1,Sunday,2022,22,10:00pm-10:59pm,29,29,EASTERN AVE,EDNA ST,6,Local Street - Municipality,2,Urban,4,Minor Arterial,4,City or Municipal Highway Agency,0,This section IS NOT on the NHS,0,No Special Jurisdiction,111,111,42.92181944,42.92181944,-85.647625,-85.647625,9,Pedalcyclist,0,The First Harmful Event was Not a Collision with a Motor Vehicle in Transport,0,No,3,Intersection-Related,2,Four-Way Intersection,1,On Roadway,0,None,1,Daylight,2,Rain,0,No,0000000,Not Applicable,22,10:00pm-10:59pm,34,34,22,10:00pm-10:59pm,39,39,99,Unknown,99,Unknown EMS Hospital Arrival Time,1
26,Michigan,260828,0,0,1,1,0,1,1,125,OAKLAND (125),4020,PONTIAC,11,November,17,17,5,Thursday,2022,2,2:00am-2:59am,24,24,E MONTCALM ST,NA,6,Local Street - Municipality,2,Urban,3,Principal Arterial - Other,4,City or Municipal Highway Agency,1,This section IS ON the NHS,0,No Special Jurisdiction,7,7,42.65621667,42.65621667,-83.28661667,-83.28661667,33,Curb,0,The First Harmful Event was Not a Collision with a Motor Vehicle in Transport,0,No,1,Non-Junction,1,Not an Intersection,4,On Roadside,0,None,3,Dark - Lighted,4,Snow,0,No,0000000,Not Applicable,2,2:00am-2:59am,26,26,2,2:00am-2:59am,32,32,99,Unknown,99,Unknown EMS Hospital Arrival Time,1
26,Michigan,260829,1,1,1,1,0,1,1,125,OAKLAND (125),208,ABURN HILLS,10,October,31,31,2,Monday,2022,19,7:00pm-7:59pm,34,34,CR-OPDYKE RD,HEMPSTEAD RD,4,County Road,2,Urban,4,Minor Arterial,2,County Highway Agency,0,This section IS NOT on the NHS,0,No Special Jurisdiction,27,27,42.62594722,42.62594722,-83.24898056,-83.24898056,9,Pedalcyclist,0,The First Harmful Event was Not a Collision with a Motor Vehicle in Transport,0,No,2,Intersection,3,T-Intersection,1,On Roadway,0,None,2,Dark - Not Lighted,10,Cloudy,0,No,0000000,Not Applicable,19,7:00pm-7:59pm,99,Unknown,19,7:00pm-7:59pm,40,40,99,Unknown,99,Unknown EMS Hospital Arrival Time,1
26,Michigan,260830,0,0,2,2,0,2,2,49,GENESEE (49),1730,FLINT,5,May,27,27,6,Friday,2022,13,1:00pm-1:59pm,56,56,PASADENA AVE,CLIO RD,6,Local Street - Municipality,2,Urban,4,Minor Arterial,4,City or Municipal Highway Agency,0,This section IS NOT on the NHS,0,No Special Jurisdiction,27,27,43.04620833,43.04620833,-83.73258611,-83.73258611,12,Motor Vehicle In-Transport,6,Angle,0,No,2,Intersection,2,Four-Way Intersection,1,On Roadway,0,None,1,Daylight,2,Rain,0,No,0000000,Not Applicable,99,Unknown,98,Unknown if Notified,99,Unknown EMS Scene Arrival Hour,98,Unknown if Arrived,88,Not Applicable (Not Transported),88,Not Applicable (Not Transported),1
26,Michigan,260831,1,1,1,1,0,1,1,17,BAY (17),0,NOT APPLICABLE,7,July,8,8,6,Friday,2022,17,5:00pm-5:59pm,52,52,NONE,NONE,8,Other,6,Trafficway Not in State Inventory,96,Trafficway Not in State Inventory,96,Trafficway Not in State Inventory,0,This section IS NOT on the NHS,0,No Special Jurisdiction,22,22,43.62185,43.62185,-83.934675,-83.934675,8,Pedestrian,0,The First Harmful Event was Not a Collision with a Motor Vehicle in Transport,0,No,3,Intersection-Related,2,Four-Way Intersection,1,On Roadway,0,None,1,Daylight,1,Clear,0,No,0000000,Not Applicable,17,5:00pm-5:59pm,54,54,17,5:00pm-5:59pm,59,59,99,Unknown,99,Unknown EMS Hospital Arrival Time,1
26,Michigan,260832,1,1,1,1,0,1,1,81,KENT (81),5089,WALKER,9,September,1,1,5,Thursday,2022,7,7:00am-7:59am,52,52,SR-45 LAKE MICHIGAN DR,FERNDALE AVE,3,State Highway,2,Urban,3,Principal Arterial - Other,1,State Highway Agency,1,This section IS ON the NHS,0,No Special Jurisdiction,2,2,42.97238611,42.97238611,-85.78019167,-85.78019167,15,Non-Motorist on Personal Conveyance,0,The First Harmful Event was Not a Collision with a Motor Vehicle in Transport,0,No,3,Intersection-Related,2,Four-Way Intersection,1,On Roadway,0,None,1,Daylight,1,Clear,0,No,0000000,Not Applicable,7,7:00am-7:59am,52,52,8,8:00am-8:59am,0,0,99,Unknown,99,Unknown EMS Hospital Arrival Time,1
26,Michigan,260833,0,0,2,2,0,3,3,81,KENT (81),0,NOT APPLICABLE,10,October,30,30,1,Sunday,2022,3,3:00am-3:59am,4,4,SR-BELTLINE AVE,NA,3,State Highway,2,Urban,3,Principal Arterial - Other,1,State Highway Agency,1,This section IS ON the NHS,0,No Special Jurisdiction,16,16,42.94400833,42.94400833,-85.58471389,-85.58471389,12,Motor Vehicle In-Transport,2,Front-to-Front,0,No,1,Non-Junction,1,Not an Intersection,1,On Roadway,0,None,2,Dark - Not Lighted,1,Clear,0,No,0000000,Not Applicable,3,3:00am-3:59am,4,4,3,3:00am-3:59am,10,10,99,Unknown,99,Unknown EMS Hospital Arrival Time,1
26,Michigan,260834,0,0,1,1,0,2,2,31,CHEBOYGAN (31),0,NOT APPLICABLE,9,September,17,17,7,Saturday,2022,17,5:00pm-5:59pm,26,26,CR-WAUBUN BEACH RD,NA,4,County Road,1,Rural,7,Local,2,County Highway Agency,0,This section IS NOT on the NHS,0,No Special Jurisdiction,1,1,45.44701944,45.44701944,-84.62738889,-84.62738889,42,Tree (Standing Only),0,The First Harmful Event was Not a Collision with a Motor Vehicle in Transport,0,No,1,Non-Junction,1,Not an Intersection,4,On Roadside,0,None,1,Daylight,1,Clear,0,No,0000000,Not Applicable,99,Unknown,99,Unknown,99,Unknown EMS Scene Arrival Hour,99,Unknown EMS Scene Arrival Minutes,99,Unknown,99,Unknown EMS Hospital Arrival Time,1
26,Michigan,260835,0,0,1,1,0,1,1,93,LIVINGSTON (93),580,BRIGHTON,9,September,11,11,1,Sunday,2022,21,9:00pm-9:59pm,17,17,I-96,NA,1,Interstate,2,Urban,1,Interstate,1,State Highway Agency,1,This section IS ON the NHS,0,No Special Jurisdiction,205,205,42.547575,42.547575,-83.78939722,-83.78939722,24,Guardrail Face,0,The First Harmful Event was Not a Collision with a Motor Vehicle in Transport,1,Yes,19,Other location within Interchange Area,1,Not an Intersection,4,On Roadside,0,None,3,Dark - Lighted,2,Rain,0,No,0000000,Not Applicable,99,Unknown,99,Unknown,99,Unknown EMS Scene Arrival Hour,99,Unknown EMS Scene Arrival Minutes,88,Not Applicable (Not Transported),88,Not Applicable (Not Transported),1
26,Michigan,260836,1,1,1,1,0,1,1,145,SAGINAW (145),0,NOT APPLICABLE,8,August,11,11,5,Thursday,2022,21,9:00pm-9:59pm,21,21,CR-HESS AVE,NA,4,County Road,2,Urban,4,Minor Arterial,2,County Highway Agency,0,This section IS NOT on the NHS,0,No Special Jurisdiction,33,33,43.40037222,43.40037222,-83.89964167,-83.89964167,8,Pedestrian,0,The First Harmful Event was Not a Collision with a Motor Vehicle in Transport,0,No,1,Non-Junction,1,Not an Intersection,1,On Roadway,0,None,2,Dark - Not Lighted,1,Clear,0,No,0000000,Not Applicable,99,Unknown,99,Unknown,99,Unknown EMS Scene Arrival Hour,99,Unknown EMS Scene Arrival Minutes,88,Not Applicable (Not Transported),88,Not Applicable (Not Transported),1
26,Michigan,260837,0,0,1,1,0,1,1,145,SAGINAW (145),0,NOT APPLICABLE,9,September,4,4,1,Sunday,2022,6,6:00am-6:59am,11,11,CR-BYERE RD,NA,4,County Road,1,Rural,5,Major Collector,2,County Highway Agency,0,This section IS NOT on the NHS,0,No Special Jurisdiction,1,1,43.22275,43.22275,-83.7749,-83.7749,1,Rollover/Overturn,0,The First Harmful Event was Not a Collision with a Motor Vehicle in Transport,0,No,1,Non-Junction,1,Not an Intersection,5,Outside Trafficway,0,None,2,Dark - Not Lighted,10,Cloudy,0,No,0000000,Not Applicable,99,Unknown,98,Unknown if Notified,99,Unknown EMS Scene Arrival Hour,98,Unknown if Arrived,88,Not Applicable (Not Transported),88,Not Applicable (Not Transported),1
26,Michigan,260838,0,0,2,2,0,2,2,87,LAPEER (87),0,NOT APPLICABLE,11,November,8,8,3,Tuesday,2022,23,11:00pm-11:59pm,22,22,SR-24 N LAPEER RD,NA,3,State Highway,2,Urban,4,Minor Arterial,1,State Highway Agency,0,This section IS NOT on the NHS,0,No Special Jurisdiction,141,141,43.08310278,43.08310278,-83.30838333,-83.30838333,12,Motor Vehicle In-Transport,8,Sideswipe - Opposite Direction,0,No,1,Non-Junction,1,Not an Intersection,1,On Roadway,0,None,2,Dark - Not Lighted,1,Clear,0,No,0000000,Not Applicable,99,Unknown,99,Unknown,99,Unknown EMS Scene Arrival Hour,99,Unknown EMS Scene Arrival Minutes,88,Not Applicable (Not Transported),88,Not Applicable (Not Transported),1
26,Michigan,260839,0,0,1,1,0,1,1,77,KALAMAZOO (77),0,NOT APPLICABLE,11,November,11,11,6,Friday,2022,19,7:00pm-7:59pm,35,35,CR-SPRINKLE RD,NA,4,County Road,2,Urban,4,Minor Arterial,2,County Highway Agency,0,This section IS NOT on the NHS,0,No Special Jurisdiction,4,4,42.13484167,42.13484167,-85.52544167,-85.52544167,42,Tree (Standing Only),0,The First Harmful Event was Not a Collision with a Motor Vehicle in Transport,0,No,1,Non-Junction,1,Not an Intersection,4,On Roadside,0,None,2,Dark - Not Lighted,10,Cloudy,0,No,0000000,Not Applicable,99,Unknown,99,Unknown,99,Unknown EMS Scene Arrival Hour,99,Unknown EMS Scene Arrival Minutes,88,Not Applicable (Not Transported),88,Not Applicable (Not Transported),1
26,Michigan,260840,0,0,1,1,0,1,1,21,BERRIEN (21),0,NOT APPLICABLE,9,September,28,28,4,Wednesday,2022,22,10:00pm-10:59pm,0,0,CR-PUCKER ST,NA,4,County Road,1,Rural,6,Minor Collector,2,County Highway Agency,0,This section IS NOT on the NHS,0,No Special Jurisdiction,33,33,41.91055556,41.91055556,-86.24275278,-86.24275278,42,Tree (Standing Only),0,The First Harmful Event was Not a Collision with a Motor Vehicle in Transport,0,No,1,Non-Junction,1,Not an Intersection,4,On Roadside,0,None,2,Dark - Not Lighted,1,Clear,0,No,0000000,Not Applicable,22,10:00pm-10:59pm,1,1,22,10:00pm-10:59pm,11,11,88,Not Applicable (Not Transported),88,Not Applicable (Not Transported),1
26,Michigan,260841,0,0,3,3,0,3,3,107,MECOSTA (107),0,NOT APPLICABLE,9,September,30,30,6,Friday,2022,19,7:00pm-7:59pm,9,9,SR-US131 BR 19 MILE RD,NA,3,State Highway,2,Urban,3,Principal Arterial - Other,1,State Highway Agency,1,This section IS ON the NHS,0,No Special Jurisdiction,16,16,43.74275,43.74275,-85.529375,-85.529375,12,Motor Vehicle In-Transport,1,Front-to-Rear,1,Yes,18,Through Roadway,1,Not an Intersection,1,On Roadway,1,Construction,1,Daylight,1,Clear,0,No,0000000,Not Applicable,19,7:00pm-7:59pm,11,11,19,7:00pm-7:59pm,21,21,88,Not Applicable (Not Transported),88,Not Applicable (Not Transported),1
26,Michigan,260842,0,0,2,2,0,2,2,57,GRATIOT (57),0,NOT APPLICABLE,11,November,22,22,3,Tuesday,2022,6,6:00am-6:59am,20,20,CR-N BARRY RD,E LINCOLN RD,4,County Road,1,Rural,5,Major Collector,2,County Highway Agency,0,This section IS NOT on the NHS,0,No Special Jurisdiction,90,90,43.379025,43.379025,-84.42938333,-84.42938333,12,Motor Vehicle In-Transport,6,Angle,0,No,2,Intersection,2,Four-Way Intersection,1,On Roadway,0,None,2,Dark - Not Lighted,1,Clear,0,No,0000000,Not Applicable,6,6:00am-6:59am,25,25,6,6:00am-6:59am,34,34,88,Not Applicable (Not Transported),88,Not Applicable (Not Transported),1
26,Michigan,260843,0,0,1,1,0,2,2,161,WASHTENAW (161),0,NOT APPLICABLE,11,November,22,22,3,Tuesday,2022,15,3:00pm-3:59pm,10,10,CR-E WILLOW RD,NA,4,County Road,1,Rural,5,Major Collector,2,County Highway Agency,0,This section IS NOT on the NHS,0,No Special Jurisdiction,86,86,42.11453889,42.11453889,-83.5517,-83.5517,32,Culvert,0,The First Harmful Event was Not a Collision with a Motor Vehicle in Transport,0,No,1,Non-Junction,1,Not an Intersection,4,On Roadside,0,None,1,Daylight,1,Clear,0,No,0000000,Not Applicable,99,Unknown,99,Unknown,99,Unknown EMS Scene Arrival Hour,99,Unknown EMS Scene Arrival Minutes,88,Not Applicable (Not Transported),88,Not Applicable (Not Transported),2
26,Michigan,260844,0,0,1,1,0,2,2,5,ALLEGAN (5),0,NOT APPLICABLE,11,November,26,26,7,Saturday,2022,9,9:00am-9:59am,50,50,I-196,NA,1,Interstate,1,Rural,1,Interstate,1,State Highway Agency,1,This section IS ON the NHS,0,No Special Jurisdiction,177,177,42.66002778,42.66002778,-86.18175278,-86.18175278,38,Fence,0,The First Harmful Event was Not a Collision with a Motor Vehicle in Transport,0,No,1,Non-Junction,1,Not an Intersection,4,On Roadside,4,"Work Zone, Type Unknown",1,Daylight,1,Clear,0,No,0000000,Not Applicable,99,Unknown,99,Unknown,99,Unknown EMS Scene Arrival Hour,99,Unknown EMS Scene Arrival Minutes,99,Unknown,99,Unknown EMS Hospital Arrival Time,1
26,Michigan,260845,1,1,1,1,0,1,1,163,WAYNE (163),4815,TAYLOR,10,October,31,31,2,Monday,2022,1,1:00am-1:59am,5,5,GODDARD RD,NA,6,Local Street - Municipality,2,Urban,4,Minor Arterial,4,City or Municipal Highway Agency,0,This section IS NOT on the NHS,0,No Special Jurisdiction,15,15,42.226275,42.226275,-83.27827222,-83.27827222,8,Pedestrian,0,The First Harmful Event was Not a Collision with a Motor Vehicle in Transport,0,No,1,Non-Junction,1,Not an Intersection,1,On Roadway,0,None,3,Dark - Lighted,2,Rain,0,No,0000000,Not Applicable,99,Unknown,99,Unknown,99,Unknown EMS Scene Arrival Hour,99,Unknown EMS Scene Arrival Minutes,99,Unknown,99,Unknown EMS Hospital Arrival Time,1
26,Michigan,260846,0,0,2,2,0,2,2,99,MACOMB (99),5110,WARREN,10,October,10,10,2,Monday,2022,13,1:00pm-1:59pm,18,18,NONE,NA,8,Other,6,Trafficway Not in State Inventory,96,Trafficway Not in State Inventory,96,Trafficway Not in State Inventory,0,This section IS NOT on the NHS,0,No Special Jurisdiction,58,58,42.50849444,42.50849444,-82.97002778,-82.97002778,12,Motor Vehicle In-Transport,1,Front-to-Rear,0,No,1,Non-Junction,1,Not an Intersection,1,On Roadway,0,None,1,Daylight,1,Clear,0,No,0000000,Not Applicable,99,Unknown,99,Unknown,99,Unknown EMS Scene Arrival Hour,99,Unknown EMS Scene Arrival Minutes,88,Not Applicable (Not Transported),88,Not Applicable (Not Transported),2
26,Michigan,260847,1,1,1,1,0,1,1,163,WAYNE (163),1260,DETROIT,10,October,30,30,1,Sunday,2022,2,2:00am-2:59am,33,33,I-96,NA,1,Interstate,2,Urban,1,Interstate,1,State Highway Agency,1,This section IS ON the NHS,0,No Special Jurisdiction,14,14,42.36483333,42.36483333,-83.132475,-83.132475,8,Pedestrian,0,The First Harmful Event was Not a Collision with a Motor Vehicle in Transport,0,No,1,Non-Junction,1,Not an Intersection,1,On Roadway,0,None,3,Dark - Lighted,1,Clear,0,No,0000000,Not Applicable,99,Unknown,99,Unknown,99,Unknown EMS Scene Arrival Hour,99,Unknown EMS Scene Arrival Minutes,88,Not Applicable (Not Transported),88,Not Applicable (Not Transported),1
26,Michigan,260848,1,1,1,1,0,2,2,17,BAY (17),0,NOT APPLICABLE,10,October,10,10,2,Monday,2022,6,6:00am-6:59am,8,8,US-10,NA,2,US Highway,2,Urban,2,Principal Arterial - Other Freeways and Expressways,1,State Highway Agency,1,This section IS ON the NHS,0,No Special Jurisdiction,22,22,43.59740556,43.59740556,-84.13328889,-84.13328889,8,Pedestrian,0,The First Harmful Event was Not a Collision with a Motor Vehicle in Transport,1,Yes,17,Acceleration/Deceleration Lane,1,Not an Intersection,1,On Roadway,0,None,2,Dark - Not Lighted,1,Clear,0,No,0000000,Not Applicable,6,6:00am-6:59am,11,11,6,6:00am-6:59am,25,25,88,Not Applicable (Not Transported),88,Not Applicable (Not Transported),1
26,Michigan,260849,1,1,1,1,0,1,1,163,WAYNE (163),1260,DETROIT,8,August,21,21,1,Sunday,2022,21,9:00pm-9:59pm,44,44,MACK AVE,BELVIDERE ST,6,Local Street - Municipality,2,Urban,3,Principal Arterial - Other,4,City or Municipal Highway Agency,1,This section IS ON the NHS,0,No Special Jurisdiction,28,28,42.37153333,42.37153333,-82.99518611,-82.99518611,8,Pedestrian,0,The First Harmful Event was Not a Collision with a Motor Vehicle in Transport,0,No,3,Intersection-Related,2,Four-Way Intersection,1,On Roadway,0,None,3,Dark - Lighted,2,Rain,0,No,0000000,Not Applicable,99,Unknown,99,Unknown,99,Unknown EMS Scene Arrival Hour,99,Unknown EMS Scene Arrival Minutes,99,Unknown,99,Unknown EMS Hospital Arrival Time,1
26,Michigan,260850,0,0,3,3,0,5,5,153,SCHOOLCRAFT (153),4517,SENEY,10,October,23,23,1,Sunday,2022,13,1:00pm-1:59pm,0,0,SR-28,NA,3,State Highway,1,Rural,3,Principal Arterial - Other,1,State Highway Agency,1,This section IS ON the NHS,0,No Special Jurisdiction,110,110,46.34548611,46.34548611,-86.13326667,-86.13326667,54,"Motor Vehicle In-Transport Strikes or is Struck by Cargo, Persons or Objects Set-in-Motion from/by Another Motor Vehicle In Transport",11,Other,0,No,1,Non-Junction,1,Not an Intersection,1,On Roadway,0,None,1,Daylight,1,Clear,0,No,0000000,Not Applicable,99,Unknown,99,Unknown,99,Unknown EMS Scene Arrival Hour,99,Unknown EMS Scene Arrival Minutes,88,Not Applicable (Not Transported),88,Not Applicable (Not Transported),1
26,Michigan,260851,0,0,2,2,0,3,3,35,CLARE (35),1660,FARWELL,10,October,16,16,1,Sunday,2022,17,5:00pm-5:59pm,9,9,E WEBBER ST,E MAIN ST,6,Local Street - Municipality,2,Urban,7,Local,4,City or Municipal Highway Agency,0,This section IS NOT on the NHS,0,No Special Jurisdiction,3,3,43.83463056,43.83463056,-84.86238056,-84.86238056,12,Motor Vehicle In-Transport,6,Angle,0,No,2,Intersection,2,Four-Way Intersection,1,On Roadway,0,None,1,Daylight,1,Clear,0,No,0000000,Not Applicable,17,5:00pm-5:59pm,10,10,17,5:00pm-5:59pm,30,30,88,Not Applicable (Not Transported),88,Not Applicable (Not Transported),1
26,Michigan,260852,1,1,1,1,0,1,1,25,CALHOUN (25),310,BATTLE CREEK,10,October,31,31,2,Monday,2022,19,7:00pm-7:59pm,37,37,SR-96 COLUMBIA AVE,CAPITAL AVE,3,State Highway,2,Urban,3,Principal Arterial - Other,1,State Highway Agency,1,This section IS ON the NHS,0,No Special Jurisdiction,41,41,42.29851667,42.29851667,-85.19981389,-85.19981389,8,Pedestrian,0,The First Harmful Event was Not a Collision with a Motor Vehicle in Transport,0,No,3,Intersection-Related,2,Four-Way Intersection,1,On Roadway,0,None,3,Dark - Lighted,2,Rain,0,No,0000000,Not Applicable,19,7:00pm-7:59pm,40,40,20,8:00pm-8:59pm,4,4,99,Unknown,99,Unknown EMS Hospital Arrival Time,1
26,Michigan,260854,0,0,2,2,0,3,3,25,CALHOUN (25),0,NOT APPLICABLE,10,October,29,29,7,Saturday,2022,7,7:00am-7:59am,40,40,SR-96 MICHIGAN AVE,NA,3,State Highway,1,Rural,4,Minor Arterial,1,State Highway Agency,0,This section IS NOT on the NHS,0,No Special Jurisdiction,77,77,42.28094444,42.28094444,-85.04187778,-85.04187778,12,Motor Vehicle In-Transport,11,Other,0,No,1,Non-Junction,1,Not an Intersection,1,On Roadway,0,None,4,Dawn,5,"Fog, Smog, Smoke",0,No,0000000,Not Applicable,7,7:00am-7:59am,32,32,7,7:00am-7:59am,45,45,99,Unknown,99,Unknown EMS Hospital Arrival Time,1
26,Michigan,260855,2,2,3,1,2,2,2,13,BARAGA (13),0,NOT APPLICABLE,10,October,13,13,5,Thursday,2022,23,11:00pm-11:59pm,13,13,US-41,NA,2,US Highway,1,Rural,3,Principal Arterial - Other,1,State Highway Agency,1,This section IS ON the NHS,0,No Special Jurisdiction,300,300,46.75040278,46.75040278,-88.44476389,-88.44476389,30,Utility Pole/Light Support,0,The First Harmful Event was Not a Collision with a Motor Vehicle in Transport,0,No,1,Non-Junction,1,Not an Intersection,4,On Roadside,0,None,3,Dark - Lighted,2,Rain,0,No,0000000,Not Applicable,99,Unknown,99,Unknown,99,Unknown EMS Scene Arrival Hour,99,Unknown EMS Scene Arrival Minutes,99,Unknown,99,Unknown EMS Hospital Arrival Time,1
26,Michigan,260856,0,0,2,2,0,2,2,163,WAYNE (163),1260,DETROIT,11,November,14,14,2,Monday,2022,12,12:00pm-12:59pm,48,48,HAYES ST,YOUNG ST,6,Local Street - Municipality,2,Urban,4,Minor Arterial,4,City or Municipal Highway Agency,0,This section IS NOT on the NHS,0,No Special Jurisdiction,13,13,42.42400556,42.42400556,-82.96516944,-82.96516944,12,Motor Vehicle In-Transport,6,Angle,0,No,2,Intersection,2,Four-Way Intersection,1,On Roadway,0,None,1,Daylight,1,Clear,0,No,0000000,Not Applicable,99,Unknown,99,Unknown,99,Unknown EMS Scene Arrival Hour,99,Unknown EMS Scene Arrival Minutes,99,Unknown,99,Unknown EMS Hospital Arrival Time,1
26,Michigan,260857,1,1,1,1,0,2,2,25,CALHOUN (25),310,BATTLE CREEK,11,November,2,2,4,Wednesday,2022,19,7:00pm-7:59pm,36,36,GOODALE AVE,ROOSEVELT AVE,6,Local Street - Municipality,2,Urban,4,Minor Arterial,4,City or Municipal Highway Agency,0,This section IS NOT on the NHS,0,No Special Jurisdiction,18,18,42.34086944,42.34086944,-85.1852,-85.1852,8,Pedestrian,0,The First Harmful Event was Not a Collision with a Motor Vehicle in Transport,0,No,3,Intersection-Related,2,Four-Way Intersection,1,On Roadway,0,None,3,Dark - Lighted,1,Clear,0,No,0000000,Not Applicable,19,7:00pm-7:59pm,36,36,19,7:00pm-7:59pm,40,40,99,Unknown,99,Unknown EMS Hospital Arrival Time,1
26,Michigan,260858,0,0,1,1,0,1,1,163,WAYNE (163),2165,HARPER WOODS,11,November,22,22,3,Tuesday,2022,13,1:00pm-1:59pm,6,6,BEACONSFIELD,NA,6,Local Street - Municipality,2,Urban,5,Major Collector,4,City or Municipal Highway Agency,0,This section IS NOT on the NHS,0,No Special Jurisdiction,10,10,42.44228056,42.44228056,-82.93228056,-82.93228056,42,Tree (Standing Only),0,The First Harmful Event was Not a Collision with a Motor Vehicle in Transport,0,No,1,Non-Junction,1,Not an Intersection,4,On Roadside,0,None,1,Daylight,1,Clear,0,No,0000000,Not Applicable,99,Unknown,99,Unknown,99,Unknown EMS Scene Arrival Hour,99,Unknown EMS Scene Arrival Minutes,99,Unknown,99,Unknown EMS Hospital Arrival Time,1
26,Michigan,260859,0,0,1,1,0,5,5,121,MUSKEGON (121),0,NOT APPLICABLE,11,November,4,4,6,Friday,2022,22,10:00pm-10:59pm,32,32,CR-ACCESS HWY,NA,4,County Road,2,Urban,5,Major Collector,2,County Highway Agency,0,This section IS NOT on the NHS,0,No Special Jurisdiction,1,1,43.25143056,43.25143056,-86.20607222,-86.20607222,1,Rollover/Overturn,0,The First Harmful Event was Not a Collision with a Motor Vehicle in Transport,0,No,1,Non-Junction,1,Not an Intersection,99,Reported as Unknown,0,None,3,Dark - Lighted,10,Cloudy,0,No,0000000,Not Applicable,22,10:00pm-10:59pm,33,33,22,10:00pm-10:59pm,40,40,99,Unknown,99,Unknown EMS Hospital Arrival Time,1
26,Michigan,260860,0,0,2,2,0,2,2,81,KENT (81),5319,WYOMING,11,November,3,3,5,Thursday,2022,17,5:00pm-5:59pm,45,45,DIVISION AVE,50TH ST,6,Local Street - Municipality,2,Urban,3,Principal Arterial - Other,4,City or Municipal Highway Agency,1,This section IS ON the NHS,0,No Special Jurisdiction,78,78,42.87313333,42.87313333,-85.66440278,-85.66440278,12,Motor Vehicle In-Transport,6,Angle,0,No,2,Intersection,3,T-Intersection,1,On Roadway,0,None,1,Daylight,1,Clear,0,No,0000000,Not Applicable,17,5:00pm-5:59pm,47,47,17,5:00pm-5:59pm,52,52,99,Unknown,99,Unknown EMS Hospital Arrival Time,1
26,Michigan,260861,0,0,2,2,0,2,2,65,INGHAM (65),0,NOT APPLICABLE,11,November,11,11,6,Friday,2022,18,6:00pm-6:59pm,39,39,SR-52 STOCKBRIDGE RD,DEXTER TRL,3,State Highway,1,Rural,4,Minor Arterial,1,State Highway Agency,0,This section IS NOT on the NHS,0,No Special Jurisdiction,10,10,42.46846111,42.46846111,-84.19007778,-84.19007778,12,Motor Vehicle In-Transport,6,Angle,0,No,2,Intersection,2,Four-Way Intersection,1,On Roadway,0,None,2,Dark - Not Lighted,1,Clear,0,No,0000000,Not Applicable,18,6:00pm-6:59pm,38,38,18,6:00pm-6:59pm,46,46,99,Unknown,99,Unknown EMS Hospital Arrival Time,1
26,Michigan,260862,0,0,2,2,0,2,2,93,LIVINGSTON (93),0,NOT APPLICABLE,11,November,13,13,1,Sunday,2022,14,2:00pm-2:59pm,29,29,I-96,NA,1,Interstate,2,Urban,1,Interstate,1,State Highway Agency,1,This section IS ON the NHS,0,No Special Jurisdiction,93,93,42.61040833,42.61040833,-83.98232222,-83.98232222,12,Motor Vehicle In-Transport,2,Front-to-Front,0,No,1,Non-Junction,1,Not an Intersection,1,On Roadway,0,None,1,Daylight,1,Clear,0,No,0000000,Not Applicable,99,Unknown,99,Unknown,99,Unknown EMS Scene Arrival Hour,99,Unknown EMS Scene Arrival Minutes,99,Unknown,99,Unknown EMS Hospital Arrival Time,2
26,Michigan,260863,0,0,2,2,0,3,3,163,WAYNE (163),1260,DETROIT,11,November,16,16,4,Wednesday,2022,0,0:00am-0:59am,29,29,CR-E OUTER DR,RYAN,4,County Road,2,Urban,4,Minor Arterial,2,County Highway Agency,0,This section IS NOT on the NHS,0,No Special Jurisdiction,29,29,42.44030833,42.44030833,-83.0635,-83.0635,12,Motor Vehicle In-Transport,6,Angle,0,No,2,Intersection,2,Four-Way Intersection,1,On Roadway,0,None,3,Dark - Lighted,2,Rain,0,No,0000000,Not Applicable,99,Unknown,99,Unknown,99,Unknown EMS Scene Arrival Hour,99,Unknown EMS Scene Arrival Minutes,99,Unknown,99,Unknown EMS Hospital Arrival Time,1
26,Michigan,260864,0,0,2,2,0,4,4,115,MONROE (115),0,NOT APPLICABLE,11,November,19,19,7,Saturday,2022,19,7:00pm-7:59pm,1,1,US-24 TELEGRAPH RD,NA,2,US Highway,2,Urban,3,Principal Arterial - Other,2,County Highway Agency,1,This section IS ON the NHS,0,No Special Jurisdiction,64,64,41.81350833,41.81350833,-83.497075,-83.497075,12,Motor Vehicle In-Transport,2,Front-to-Front,0,No,1,Non-Junction,1,Not an Intersection,1,On Roadway,0,None,2,Dark - Not Lighted,1,Clear,0,No,0000000,Not Applicable,19,7:00pm-7:59pm,12,12,19,7:00pm-7:59pm,19,19,99,Unknown,99,Unknown EMS Hospital Arrival Time,1
26,Michigan,260865,1,1,1,1,0,3,3,163,WAYNE (163),1260,DETROIT,11,November,6,6,1,Sunday,2022,2,2:00am-2:59am,10,10,SR-10,NA,3,State Highway,2,Urban,2,Principal Arterial - Other Freeways and Expressways,1,State Highway Agency,1,This section IS ON the NHS,0,No Special Jurisdiction,88,88,42.3684,42.3684,-83.08279444,-83.08279444,8,Pedestrian,0,The First Harmful Event was Not a Collision with a Motor Vehicle in Transport,0,No,1,Non-Junction,1,Not an Intersection,1,On Roadway,0,None,3,Dark - Lighted,1,Clear,0,No,0000000,Not Applicable,99,Unknown,99,Unknown,99,Unknown EMS Scene Arrival Hour,99,Unknown EMS Scene Arrival Minutes,88,Not Applicable (Not Transported),88,Not Applicable (Not Transported),1
26,Michigan,260866,0,0,1,1,0,1,1,125,OAKLAND (125),0,NOT APPLICABLE,11,November,14,14,2,Monday,2022,4,4:00am-4:59am,45,45,CR-PONTIAC TRL,NA,4,County Road,2,Urban,4,Minor Arterial,2,County Highway Agency,0,This section IS NOT on the NHS,0,No Special Jurisdiction,56,56,42.50428056,42.50428056,-83.64071667,-83.64071667,42,Tree (Standing Only),0,The First Harmful Event was Not a Collision with a Motor Vehicle in Transport,0,No,1,Non-Junction,1,Not an Intersection,4,On Roadside,0,None,2,Dark - Not Lighted,1,Clear,0,No,0000000,Not Applicable,4,4:00am-4:59am,45,45,4,4:00am-4:59am,56,56,88,Not Applicable (Not Transported),88,Not Applicable (Not Transported),1
26,Michigan,260867,0,0,1,1,0,1,1,81,KENT (81),0,NOT APPLICABLE,11,November,26,26,7,Saturday,2022,20,8:00pm-8:59pm,4,4,US-131,NA,2,US Highway,2,Urban,2,Principal Arterial - Other Freeways and Expressways,1,State Highway Agency,1,This section IS ON the NHS,0,No Special Jurisdiction,258,258,43.11623056,43.11623056,-85.60733056,-85.60733056,1,Rollover/Overturn,0,The First Harmful Event was Not a Collision with a Motor Vehicle in Transport,0,No,1,Non-Junction,1,Not an Intersection,3,On Median,0,None,2,Dark - Not Lighted,1,Clear,0,No,0000000,Not Applicable,20,8:00pm-8:59pm,0,0,20,8:00pm-8:59pm,10,10,99,Unknown,99,Unknown EMS Hospital Arrival Time,1
26,Michigan,260868,0,0,2,2,0,2,2,73,ISABELLA (73),0,NOT APPLICABLE,11,November,9,9,4,Wednesday,2022,17,5:00pm-5:59pm,34,34,CR-DREW RD,COLDWATER RD,4,County Road,1,Rural,7,Local,2,County Highway Agency,0,This section IS NOT on the NHS,0,No Special Jurisdiction,49,49,43.66130833,43.66130833,-84.98750278,-84.98750278,12,Motor Vehicle In-Transport,6,Angle,0,No,2,Intersection,2,Four-Way Intersection,1,On Roadway,0,None,5,Dusk,10,Cloudy,0,No,0000000,Not Applicable,99,Unknown,99,Unknown,99,Unknown EMS Scene Arrival Hour,99,Unknown EMS Scene Arrival Minutes,99,Unknown,99,Unknown EMS Hospital Arrival Time,1
26,Michigan,260869,0,0,2,2,0,2,2,163,WAYNE (163),4166,REDFORD TOWNSHIP,11,November,12,12,7,Saturday,2022,0,0:00am-0:59am,56,56,US-24 TELEGRAPH RD,FIVE MILE RD,2,US Highway,2,Urban,3,Principal Arterial - Other,1,State Highway Agency,1,This section IS ON the NHS,0,No Special Jurisdiction,145,145,42.40003333,42.40003333,-83.27694722,-83.27694722,12,Motor Vehicle In-Transport,6,Angle,0,No,2,Intersection,2,Four-Way Intersection,1,On Roadway,0,None,3,Dark - Lighted,1,Clear,0,No,0000000,Not Applicable,0,0:00am-0:59am,50,50,0,0:00am-0:59am,55,55,88,Not Applicable (Not Transported),88,Not Applicable (Not Transported),1
26,Michigan,260870,0,0,2,2,0,2,2,163,WAYNE (163),4295,ROMULUS,11,November,10,10,5,Thursday,2022,6,6:00am-6:59am,51,51,I-94,NA,1,Interstate,2,Urban,1,Interstate,1,State Highway Agency,1,This section IS ON the NHS,0,No Special Jurisdiction,69,69,42.22278333,42.22278333,-83.41018056,-83.41018056,12,Motor Vehicle In-Transport,1,Front-to-Rear,0,No,1,Non-Junction,1,Not an Intersection,1,On Roadway,0,None,3,Dark - Lighted,1,Clear,0,No,0000000,Not Applicable,99,Unknown,99,Unknown,99,Unknown EMS Scene Arrival Hour,99,Unknown EMS Scene Arrival Minutes,99,Unknown,99,Unknown EMS Hospital Arrival Time,1
26,Michigan,260871,0,0,1,1,0,1,1,93,LIVINGSTON (93),0,NOT APPLICABLE,11,November,27,27,1,Sunday,2022,9,9:00am-9:59am,16,16,CR-OAK GROVE RD,NA,4,County Road,1,Rural,5,Major Collector,2,County Highway Agency,0,This section IS NOT on the NHS,0,No Special Jurisdiction,35,35,42.738025,42.738025,-83.94956111,-83.94956111,42,Tree (Standing Only),0,The First Harmful Event was Not a Collision with a Motor Vehicle in Transport,0,No,1,Non-Junction,1,Not an Intersection,4,On Roadside,0,None,1,Daylight,2,Rain,0,No,0000000,Not Applicable,9,9:00am-9:59am,17,17,9,9:00am-9:59am,36,36,88,Not Applicable (Not Transported),88,Not Applicable (Not Transported),1
26,Michigan,260872,0,0,1,1,0,2,2,163,WAYNE (163),0,NOT APPLICABLE,11,November,12,12,7,Saturday,2022,0,0:00am-0:59am,17,17,CR-BAYBERRY WAY,NA,4,County Road,2,Urban,7,Local,2,County Highway Agency,0,This section IS NOT on the NHS,0,No Special Jurisdiction,1,1,42.41525278,42.41525278,-83.54484167,-83.54484167,42,Tree (Standing Only),0,The First Harmful Event was Not a Collision with a Motor Vehicle in Transport,0,No,1,Non-Junction,1,Not an Intersection,4,On Roadside,0,None,2,Dark - Not Lighted,1,Clear,0,No,0000000,Not Applicable,0,0:00am-0:59am,20,20,0,0:00am-0:59am,29,29,88,Not Applicable (Not Transported),88,Not Applicable (Not Transported),2
26,Michigan,260873,0,0,1,1,0,1,1,13,BARAGA (13),0,NOT APPLICABLE,11,November,14,14,2,Monday,2022,2,2:00am-2:59am,0,0,US-41,NA,2,US Highway,1,Rural,3,Principal Arterial - Other,1,State Highway Agency,1,This section IS ON the NHS,0,No Special Jurisdiction,326,326,46.75374167,46.75374167,-88.49492778,-88.49492778,24,Guardrail Face,0,The First Harmful Event was Not a Collision with a Motor Vehicle in Transport,0,No,1,Non-Junction,1,Not an Intersection,4,On Roadside,0,None,2,Dark - Not Lighted,1,Clear,0,No,0000000,Not Applicable,99,Unknown,99,Unknown,99,Unknown EMS Scene Arrival Hour,99,Unknown EMS Scene Arrival Minutes,88,Not Applicable (Not Transported),88,Not Applicable (Not Transported),1
26,Michigan,260874,0,0,4,2,2,3,3,163,WAYNE (163),1260,DETROIT,11,November,26,26,7,Saturday,2022,21,9:00pm-9:59pm,15,15,CHAMBERLAIN,ELSMERE ST,6,Local Street - Municipality,2,Urban,5,Major Collector,4,City or Municipal Highway Agency,0,This section IS NOT on the NHS,0,No Special Jurisdiction,2,2,42.30030278,42.30030278,-83.13020556,-83.13020556,12,Motor Vehicle In-Transport,6,Angle,0,No,2,Intersection,2,Four-Way Intersection,1,On Roadway,0,None,3,Dark - Lighted,1,Clear,0,No,0000000,Not Applicable,99,Unknown,99,Unknown,99,Unknown EMS Scene Arrival Hour,99,Unknown EMS Scene Arrival Minutes,99,Unknown,99,Unknown EMS Hospital Arrival Time,1
26,Michigan,260875,0,0,1,1,0,1,1,57,GRATIOT (57),0,NOT APPLICABLE,11,November,19,19,7,Saturday,2022,2,2:00am-2:59am,10,10,US-127,NA,2,US Highway,1,Rural,2,Principal Arterial - Other Freeways and Expressways,1,State Highway Agency,1,This section IS ON the NHS,0,No Special Jurisdiction,177,177,43.36577222,43.36577222,-84.60195556,-84.60195556,42,Tree (Standing Only),0,The First Harmful Event was Not a Collision with a Motor Vehicle in Transport,0,No,1,Non-Junction,1,Not an Intersection,4,On Roadside,0,None,2,Dark - Not Lighted,4,Snow,0,No,0000000,Not Applicable,2,2:00am-2:59am,8,8,2,2:00am-2:59am,18,18,88,Not Applicable (Not Transported),88,Not Applicable (Not Transported),1
26,Michigan,260876,0,0,1,1,0,1,1,143,ROSCOMMON (143),0,NOT APPLICABLE,11,November,15,15,3,Tuesday,2022,13,1:00pm-1:59pm,49,49,SR-18 ROSCOMMON RD,NA,3,State Highway,1,Rural,4,Minor Arterial,1,State Highway Agency,0,This section IS NOT on the NHS,0,No Special Jurisdiction,65,65,44.39041944,44.39041944,-84.61367778,-84.61367778,1,Rollover/Overturn,0,The First Harmful Event was Not a Collision with a Motor Vehicle in Transport,0,No,1,Non-Junction,1,Not an Intersection,4,On Roadside,0,None,1,Daylight,4,Snow,0,No,0000000,Not Applicable,99,Unknown,98,Unknown if Notified,99,Unknown EMS Scene Arrival Hour,98,Unknown if Arrived,88,Not Applicable (Not Transported),88,Not Applicable (Not Transported),1
26,Michigan,260877,0,0,2,2,0,2,2,125,OAKLAND (125),3628,NOVI,11,November,16,16,4,Wednesday,2022,6,6:00am-6:59am,12,12,CR-NOVI RD,NA,4,County Road,2,Urban,3,Principal Arterial - Other,2,County Highway Agency,1,This section IS ON the NHS,0,No Special Jurisdiction,24,24,42.47451944,42.47451944,-83.47522778,-83.47522778,12,Motor Vehicle In-Transport,6,Angle,0,No,1,Non-Junction,1,Not an Intersection,1,On Roadway,0,None,2,Dark - Not Lighted,4,Snow,0,No,0000000,Not Applicable,99,Unknown,99,Unknown,99,Unknown EMS Scene Arrival Hour,99,Unknown EMS Scene Arrival Minutes,99,Unknown,99,Unknown EMS Hospital Arrival Time,1
26,Michigan,260878,0,0,1,1,0,1,1,69,IOSCO (69),0,NOT APPLICABLE,11,November,30,30,4,Wednesday,2022,16,4:00pm-4:59pm,36,36,CR-SOUTH BRANCH RD,NA,4,County Road,1,Rural,5,Major Collector,2,County Highway Agency,0,This section IS NOT on the NHS,0,No Special Jurisdiction,0,None,44.435275,44.435275,-83.87618056,-83.87618056,53,Mail Box,0,The First Harmful Event was Not a Collision with a Motor Vehicle in Transport,0,No,1,Non-Junction,1,Not an Intersection,4,On Roadside,0,None,1,Daylight,4,Snow,0,No,0000000,Not Applicable,16,4:00pm-4:59pm,36,36,17,5:00pm-5:59pm,11,11,88,Not Applicable (Not Transported),88,Not Applicable (Not Transported),1
26,Michigan,260879,0,0,1,1,0,2,2,163,WAYNE (163),1260,DETROIT,11,November,18,18,6,Friday,2022,3,3:00am-3:59am,30,30,I-75 CD/RAMP 037E,NA,1,Interstate,2,Urban,1,Interstate,1,State Highway Agency,1,This section IS ON the NHS,0,No Special Jurisdiction,0,None,42.33331667,42.33331667,-83.08303333,-83.08303333,25,Concrete Traffic Barrier,0,The First Harmful Event was Not a Collision with a Motor Vehicle in Transport,1,Yes,19,Other location within Interchange Area,1,Not an Intersection,4,On Roadside,0,None,3,Dark - Lighted,1,Clear,0,No,0000000,Not Applicable,99,Unknown,99,Unknown,99,Unknown EMS Scene Arrival Hour,99,Unknown EMS Scene Arrival Minutes,99,Unknown,99,Unknown EMS Hospital Arrival Time,1
26,Michigan,260880,0,0,1,1,0,2,2,7,ALPENA (7),0,NOT APPLICABLE,11,November,30,30,4,Wednesday,2022,18,6:00pm-6:59pm,19,19,CR-FRENCH RD,NA,4,County Road,1,Rural,5,Major Collector,2,County Highway Agency,0,This section IS NOT on the NHS,0,No Special Jurisdiction,42,42,45.14554722,45.14554722,-83.47400556,-83.47400556,34,Ditch,0,The First Harmful Event was Not a Collision with a Motor Vehicle in Transport,0,No,1,Non-Junction,1,Not an Intersection,4,On Roadside,0,None,2,Dark - Not Lighted,4,Snow,0,No,0000000,Not Applicable,18,6:00pm-6:59pm,19,19,18,6:00pm-6:59pm,28,28,99,Unknown,99,Unknown EMS Hospital Arrival Time,1
26,Michigan,260881,1,1,1,1,0,2,2,49,GENESEE (49),4795,SWARTZ CREEK,11,November,23,23,4,Wednesday,2022,17,5:00pm-5:59pm,45,45,ELMS RD,NA,6,Local Street - Municipality,2,Urban,4,Minor Arterial,4,City or Municipal Highway Agency,0,This section IS NOT on the NHS,0,No Special Jurisdiction,42,42,42.975125,42.975125,-83.81151944,-83.81151944,8,Pedestrian,0,The First Harmful Event was Not a Collision with a Motor Vehicle in Transport,0,No,1,Non-Junction,1,Not an Intersection,1,On Roadway,0,None,5,Dusk,1,Clear,0,No,0000000,Not Applicable,17,5:00pm-5:59pm,47,47,17,5:00pm-5:59pm,54,54,88,Not Applicable (Not Transported),88,Not Applicable (Not Transported),1
26,Michigan,260882,1,1,1,1,0,1,1,125,OAKLAND (125),4340,ROYAL OAK,11,November,21,21,2,Monday,2022,20,8:00pm-8:59pm,24,24,CR-12 MILE RD,STEPHENSON HWY,4,County Road,2,Urban,3,Principal Arterial - Other,2,County Highway Agency,1,This section IS ON the NHS,0,No Special Jurisdiction,204,204,42.5045,42.5045,-83.11840833,-83.11840833,9,Pedalcyclist,0,The First Harmful Event was Not a Collision with a Motor Vehicle in Transport,0,No,3,Intersection-Related,2,Four-Way Intersection,1,On Roadway,0,None,3,Dark - Lighted,1,Clear,0,No,0000000,Not Applicable,20,8:00pm-8:59pm,24,24,20,8:00pm-8:59pm,29,29,99,Unknown,99,Unknown EMS Hospital Arrival Time,1
26,Michigan,260883,0,0,2,2,0,2,2,125,OAKLAND (125),2230,HAZEL PARK,11,November,25,25,6,Friday,2022,23,11:00pm-11:59pm,34,34,SR-102 8 MILE RD,NA,3,State Highway,2,Urban,3,Principal Arterial - Other,1,State Highway Agency,1,This section IS ON the NHS,0,No Special Jurisdiction,120,120,42.44728333,42.44728333,-83.08638333,-83.08638333,12,Motor Vehicle In-Transport,6,Angle,0,No,7,Crossover-Related,1,Not an Intersection,1,On Roadway,0,None,3,Dark - Lighted,1,Clear,0,No,0000000,Not Applicable,99,Unknown,99,Unknown,99,Unknown EMS Scene Arrival Hour,99,Unknown EMS Scene Arrival Minutes,99,Unknown,99,Unknown EMS Hospital Arrival Time,1
26,Michigan,260884,0,0,1,1,0,2,2,163,WAYNE (163),2260,HIGHLAND PARK,11,November,1,1,3,Tuesday,2022,18,6:00pm-6:59pm,20,20,3RD ST,NA,6,Local Street - Municipality,2,Urban,7,Local,4,City or Municipal Highway Agency,0,This section IS NOT on the NHS,0,No Special Jurisdiction,4,4,42.39182222,42.39182222,-83.09572222,-83.09572222,42,Tree (Standing Only),0,The First Harmful Event was Not a Collision with a Motor Vehicle in Transport,0,No,1,Non-Junction,1,Not an Intersection,5,Outside Trafficway,0,None,1,Daylight,1,Clear,0,No,0000000,Not Applicable,99,Unknown,99,Unknown,99,Unknown EMS Scene Arrival Hour,99,Unknown EMS Scene Arrival Minutes,88,Not Applicable (Not Transported),88,Not Applicable (Not Transported),1
26,Michigan,260885,0,0,1,1,0,2,2,109,MENOMINEE (109),0,NOT APPLICABLE,10,October,8,8,7,Saturday,2022,19,7:00pm-7:59pm,34,34,CR-OLD US 41,CEDAR ST,4,County Road,1,Rural,7,Local,2,County Highway Agency,0,This section IS NOT on the NHS,0,No Special Jurisdiction,4,4,45.61036667,45.61036667,-87.55280833,-87.55280833,1,Rollover/Overturn,0,The First Harmful Event was Not a Collision with a Motor Vehicle in Transport,0,No,3,Intersection-Related,3,T-Intersection,2,On Shoulder,0,None,5,Dusk,1,Clear,0,No,0000000,Not Applicable,99,Unknown,99,Unknown,99,Unknown EMS Scene Arrival Hour,99,Unknown EMS Scene Arrival Minutes,99,Unknown,99,Unknown EMS Hospital Arrival Time,1
26,Michigan,260886,0,0,1,1,0,1,1,55,GRAND TRAVERSE (55),0,NOT APPLICABLE,11,November,22,22,3,Tuesday,2022,15,3:00pm-3:59pm,19,19,CR-GARY RD,NA,4,County Road,2,Urban,7,Local,2,County Highway Agency,0,This section IS NOT on the NHS,0,No Special Jurisdiction,0,None,44.65173611,44.65173611,-85.66562222,-85.66562222,1,Rollover/Overturn,0,The First Harmful Event was Not a Collision with a Motor Vehicle in Transport,0,No,1,Non-Junction,1,Not an Intersection,1,On Roadway,0,None,1,Daylight,10,Cloudy,0,No,0000000,Not Applicable,15,3:00pm-3:59pm,21,21,15,3:00pm-3:59pm,27,27,99,Unknown,99,Unknown EMS Hospital Arrival Time,1
26,Michigan,260887,0,0,2,2,0,3,3,163,WAYNE (163),4010,PLYMOUTH,11,November,24,24,5,Thursday,2022,2,2:00am-2:59am,28,28,SR-14,NA,3,State Highway,2,Urban,2,Principal Arterial - Other Freeways and Expressways,1,State Highway Agency,1,This section IS ON the NHS,0,No Special Jurisdiction,16,16,42.38195833,42.38195833,-83.52376111,-83.52376111,12,Motor Vehicle In-Transport,2,Front-to-Front,0,No,1,Non-Junction,1,Not an Intersection,1,On Roadway,0,None,2,Dark - Not Lighted,10,Cloudy,0,No,0000000,Not Applicable,99,Unknown,99,Unknown,99,Unknown EMS Scene Arrival Hour,99,Unknown EMS Scene Arrival Minutes,99,Unknown,99,Unknown EMS Hospital Arrival Time,2
26,Michigan,260888,0,0,3,3,0,6,6,27,CASS (27),0,NOT APPLICABLE,12,December,2,2,6,Friday,2022,17,5:00pm-5:59pm,24,24,SR-60,ANDERSON RD,3,State Highway,1,Rural,4,Minor Arterial,1,State Highway Agency,0,This section IS NOT on the NHS,0,No Special Jurisdiction,62,62,41.85409167,41.85409167,-86.13108611,-86.13108611,12,Motor Vehicle In-Transport,1,Front-to-Rear,0,No,2,Intersection,2,Four-Way Intersection,1,On Roadway,0,None,5,Dusk,1,Clear,0,No,0000000,Not Applicable,99,Unknown,99,Unknown,99,Unknown EMS Scene Arrival Hour,99,Unknown EMS Scene Arrival Minutes,99,Unknown,99,Unknown EMS Hospital Arrival Time,1
26,Michigan,260889,0,0,1,1,0,1,1,147,ST. CLAIR (147),0,NOT APPLICABLE,12,December,3,3,7,Saturday,2022,3,3:00am-3:59am,55,55,FERRY DOCK RD,NA,6,Local Street - Municipality,6,Trafficway Not in State Inventory,96,Trafficway Not in State Inventory,96,Trafficway Not in State Inventory,0,This section IS NOT on the NHS,0,No Special Jurisdiction,0,None,42.61803056,42.61803056,-82.56059444,-82.56059444,3,Immersion or Partial Immersion,0,The First Harmful Event was Not a Collision with a Motor Vehicle in Transport,0,No,1,Non-Junction,1,Not an Intersection,5,Outside Trafficway,0,None,3,Dark - Lighted,1,Clear,0,No,0000000,Not Applicable,3,3:00am-3:59am,57,57,4,4:00am-4:59am,6,6,99,Unknown,99,Unknown EMS Hospital Arrival Time,1
26,Michigan,260890,0,0,2,2,0,7,7,163,WAYNE (163),1260,DETROIT,11,November,25,25,6,Friday,2022,1,1:00am-1:59am,21,21,SR-96 GRAND RIVER AVE,NORTHLAWN ST,3,State Highway,2,Urban,3,Principal Arterial - Other,1,State Highway Agency,1,This section IS ON the NHS,0,No Special Jurisdiction,65,65,42.37407222,42.37407222,-83.15241667,-83.15241667,12,Motor Vehicle In-Transport,6,Angle,0,No,2,Intersection,3,T-Intersection,1,On Roadway,0,None,3,Dark - Lighted,2,Rain,0,No,0000000,Not Applicable,99,Unknown,99,Unknown,99,Unknown EMS Scene Arrival Hour,99,Unknown EMS Scene Arrival Minutes,99,Unknown,99,Unknown EMS Hospital Arrival Time,1
26,Michigan,260891,0,0,2,2,0,2,2,49,GENESEE (49),1730,FLINT,12,December,4,4,1,Sunday,2022,22,10:00pm-10:59pm,30,30,W HAMILTON,N CHEVROLET,6,Local Street - Municipality,2,Urban,5,Major Collector,4,City or Municipal Highway Agency,0,This section IS NOT on the NHS,0,No Special Jurisdiction,2,2,43.035975,43.035975,-83.71598056,-83.71598056,12,Motor Vehicle In-Transport,6,Angle,0,No,2,Intersection,2,Four-Way Intersection,1,On Roadway,0,None,3,Dark - Lighted,1,Clear,0,No,0000000,Not Applicable,22,10:00pm-10:59pm,32,32,22,10:00pm-10:59pm,34,34,88,Not Applicable (Not Transported),88,Not Applicable (Not Transported),1
26,Michigan,260892,0,0,3,3,0,3,3,163,WAYNE (163),4975,VAN BOWEN,12,December,4,4,1,Sunday,2022,13,1:00pm-1:59pm,41,41,CR-RAWSONVILLE RD,NA,4,County Road,2,Urban,4,Minor Arterial,2,County Highway Agency,0,This section IS NOT on the NHS,0,No Special Jurisdiction,72,72,42.19041111,42.19041111,-83.54269444,-83.54269444,12,Motor Vehicle In-Transport,2,Front-to-Front,0,No,1,Non-Junction,1,Not an Intersection,1,On Roadway,0,None,1,Daylight,1,Clear,0,No,0000000,Not Applicable,99,Unknown,99,Unknown,99,Unknown EMS Scene Arrival Hour,99,Unknown EMS Scene Arrival Minutes,99,Unknown,99,Unknown EMS Hospital Arrival Time,1
26,Michigan,260893,1,1,1,1,0,1,1,103,MARQUETTE (103),2480,ISHPEMING,11,November,23,23,4,Wednesday,2022,19,7:00pm-7:59pm,9,9,SR-28 READY ST,NA,3,State Highway,2,Urban,4,Minor Arterial,1,State Highway Agency,0,This section IS NOT on the NHS,0,No Special Jurisdiction,41,41,46.48978333,46.48978333,-87.64242222,-87.64242222,8,Pedestrian,0,The First Harmful Event was Not a Collision with a Motor Vehicle in Transport,0,No,1,Non-Junction,1,Not an Intersection,2,On Shoulder,0,None,2,Dark - Not Lighted,1,Clear,0,No,0000000,Not Applicable,99,Unknown,98,Unknown if Notified,99,Unknown EMS Scene Arrival Hour,98,Unknown if Arrived,88,Not Applicable (Not Transported),88,Not Applicable (Not Transported),1
26,Michigan,260894,0,0,1,1,0,1,1,125,OAKLAND (125),0,NOT APPLICABLE,11,November,29,29,3,Tuesday,2022,8,8:00am-8:59am,30,30,CR-GRANGE HALL RD,NA,4,County Road,2,Urban,4,Minor Arterial,2,County Highway Agency,0,This section IS NOT on the NHS,0,No Special Jurisdiction,139,139,42.85288889,42.85288889,-83.45868889,-83.45868889,42,Tree (Standing Only),0,The First Harmful Event was Not a Collision with a Motor Vehicle in Transport,0,No,1,Non-Junction,1,Not an Intersection,4,On Roadside,0,None,1,Daylight,10,Cloudy,0,No,0000000,Not Applicable,99,Unknown,99,Unknown,99,Unknown EMS Scene Arrival Hour,99,Unknown EMS Scene Arrival Minutes,88,Not Applicable (Not Transported),88,Not Applicable (Not Transported),1
26,Michigan,260895,0,0,2,2,0,2,2,125,OAKLAND (125),1652,FARMINGTON HILLS,12,December,7,7,4,Wednesday,2022,5,5:00am-5:59am,45,45,I-696,NA,1,Interstate,2,Urban,1,Interstate,1,State Highway Agency,1,This section IS ON the NHS,0,No Special Jurisdiction,11,11,42.48556389,42.48556389,-83.43134722,-83.43134722,12,Motor Vehicle In-Transport,7,Sideswipe - Same Direction,0,No,1,Non-Junction,1,Not an Intersection,1,On Roadway,1,Construction,3,Dark - Lighted,10,Cloudy,0,No,0000000,Not Applicable,99,Unknown,99,Unknown,99,Unknown EMS Scene Arrival Hour,99,Unknown EMS Scene Arrival Minutes,88,Not Applicable (Not Transported),88,Not Applicable (Not Transported),1
26,Michigan,260896,1,1,2,2,0,2,2,75,JACKSON (75),2764,LEONI,11,November,2,2,4,Wednesday,2022,7,7:00am-7:59am,10,10,SR-94 ANN ARBOR RD,MUNITH RD,3,State Highway,2,Urban,3,Principal Arterial - Other,1,State Highway Agency,1,This section IS ON the NHS,0,No Special Jurisdiction,1,1,42.25849444,42.25849444,-84.35335278,-84.35335278,8,Pedestrian,0,The First Harmful Event was Not a Collision with a Motor Vehicle in Transport,0,No,2,Intersection,2,Four-Way Intersection,1,On Roadway,0,None,2,Dark - Not Lighted,1,Clear,0,No,0000000,Not Applicable,7,7:00am-7:59am,13,13,7,7:00am-7:59am,16,16,88,Not Applicable (Not Transported),88,Not Applicable (Not Transported),1
26,Michigan,260897,0,0,3,3,0,13,13,99,MACOMB (99),4330,ROSEVILLE,11,November,24,24,5,Thursday,2022,15,3:00pm-3:59pm,13,13,I-94,NA,1,Interstate,2,Urban,1,Interstate,1,State Highway Agency,1,This section IS ON the NHS,0,No Special Jurisdiction,49,49,42.51854167,42.51854167,-82.91726944,-82.91726944,12,Motor Vehicle In-Transport,2,Front-to-Front,0,No,1,Non-Junction,1,Not an Intersection,1,On Roadway,0,None,1,Daylight,1,Clear,0,No,0000000,Not Applicable,15,3:00pm-3:59pm,25,25,15,3:00pm-3:59pm,30,30,99,Unknown,99,Unknown EMS Hospital Arrival Time,2
26,Michigan,260898,0,0,1,1,0,1,1,115,MONROE (115),0,NOT APPLICABLE,12,December,7,7,4,Wednesday,2022,13,1:00pm-1:59pm,50,50,SR-50 S CUSTER RD,NA,3,State Highway,1,Rural,4,Minor Arterial,1,State Highway Agency,0,This section IS NOT on the NHS,0,No Special Jurisdiction,134,134,41.94124444,41.94124444,-83.51560278,-83.51560278,32,Culvert,0,The First Harmful Event was Not a Collision with a Motor Vehicle in Transport,0,No,1,Non-Junction,1,Not an Intersection,4,On Roadside,0,None,1,Daylight,10,Cloudy,0,No,0000000,Not Applicable,13,1:00pm-1:59pm,56,56,14,2:00pm-2:59pm,6,6,88,Not Applicable (Not Transported),88,Not Applicable (Not Transported),1
26,Michigan,260899,1,1,1,1,0,1,1,89,LEELANAU (89),0,NOT APPLICABLE,12,December,8,8,5,Thursday,2022,19,7:00pm-7:59pm,22,22,CR-S LAKE SHORE DR,NA,4,County Road,1,Rural,5,Major Collector,2,County Highway Agency,0,This section IS NOT on the NHS,0,No Special Jurisdiction,108,108,44.97116111,44.97116111,-85.71398333,-85.71398333,8,Pedestrian,0,The First Harmful Event was Not a Collision with a Motor Vehicle in Transport,0,No,1,Non-Junction,1,Not an Intersection,1,On Roadway,0,None,2,Dark - Not Lighted,1,Clear,0,No,0000000,Not Applicable,19,7:00pm-7:59pm,22,22,19,7:00pm-7:59pm,25,25,88,Not Applicable (Not Transported),88,Not Applicable (Not Transported),1
26,Michigan,260900,0,0,1,1,0,1,1,157,TUSCOLA (157),0,NOT APPLICABLE,5,May,5,5,5,Thursday,2022,20,8:00pm-8:59pm,17,17,CR-RUPRECHT RD,NA,4,County Road,1,Rural,7,Local,2,County Highway Agency,0,This section IS NOT on the NHS,0,No Special Jurisdiction,12,12,43.35171111,43.35171111,-83.55557778,-83.55557778,42,Tree (Standing Only),0,The First Harmful Event was Not a Collision with a Motor Vehicle in Transport,0,No,1,Non-Junction,1,Not an Intersection,4,On Roadside,0,None,1,Daylight,1,Clear,0,No,0000000,Not Applicable,20,8:00pm-8:59pm,18,18,20,8:00pm-8:59pm,25,25,88,Not Applicable (Not Transported),88,Not Applicable (Not Transported),1
26,Michigan,260901,0,0,1,1,0,1,1,163,WAYNE (163),1260,DETROIT,5,May,28,28,7,Saturday,2022,5,5:00am-5:59am,0,0,BELLEVUE ST,NA,6,Local Street - Municipality,2,Urban,7,Local,4,City or Municipal Highway Agency,0,This section IS NOT on the NHS,0,No Special Jurisdiction,5,5,42.35214722,42.35214722,-83.01083889,-83.01083889,31,"Post, Pole or Other Supports",0,The First Harmful Event was Not a Collision with a Motor Vehicle in Transport,0,No,1,Non-Junction,1,Not an Intersection,4,On Roadside,0,None,3,Dark - Lighted,1,Clear,0,No,0000000,Not Applicable,99,Unknown,99,Unknown,99,Unknown EMS Scene Arrival Hour,99,Unknown EMS Scene Arrival Minutes,88,Not Applicable (Not Transported),88,Not Applicable (Not Transported),1
26,Michigan,260902,0,0,1,1,0,1,1,3,ALGER (3),0,NOT APPLICABLE,11,November,17,17,5,Thursday,2022,19,7:00pm-7:59pm,40,40,SR-28,NA,3,State Highway,1,Rural,3,Principal Arterial - Other,1,State Highway Agency,1,This section IS ON the NHS,0,No Special Jurisdiction,23,23,46.492769439999996,46.492769439999996,-87.06735556,-87.06735556,42,Tree (Standing Only),0,The First Harmful Event was Not a Collision with a Motor Vehicle in Transport,0,No,1,Non-Junction,1,Not an Intersection,4,On Roadside,0,None,2,Dark - Not Lighted,4,Snow,0,No,0000000,Not Applicable,99,Unknown,99,Unknown,99,Unknown EMS Scene Arrival Hour,99,Unknown EMS Scene Arrival Minutes,88,Not Applicable (Not Transported),88,Not Applicable (Not Transported),1
26,Michigan,260903,1,1,1,1,0,3,3,121,MUSKEGON (121),3460,MUSKEGON HTS,11,November,26,26,7,Saturday,2022,22,10:00pm-10:59pm,41,41,SR-31 SEAWAY DR,HOYT ST,3,State Highway,2,Urban,3,Principal Arterial - Other,1,State Highway Agency,1,This section IS ON the NHS,0,No Special Jurisdiction,21,21,43.18945556,43.18945556,-86.24075556,-86.24075556,9,Pedalcyclist,0,The First Harmful Event was Not a Collision with a Motor Vehicle in Transport,0,No,2,Intersection,2,Four-Way Intersection,1,On Roadway,0,None,3,Dark - Lighted,1,Clear,0,No,0000000,Not Applicable,22,10:00pm-10:59pm,41,41,22,10:00pm-10:59pm,48,48,88,Not Applicable (Not Transported),88,Not Applicable (Not Transported),1
26,Michigan,260904,0,0,2,2,0,4,4,117,MONTCALM (117),0,NOT APPLICABLE,11,November,23,23,4,Wednesday,2022,15,3:00pm-3:59pm,55,55,US-131,NA,2,US Highway,1,Rural,2,Principal Arterial - Other Freeways and Expressways,1,State Highway Agency,1,This section IS ON the NHS,0,No Special Jurisdiction,56,56,43.36650556,43.36650556,-85.51613333,-85.51613333,23,Bridge Rail (Includes parapet),0,The First Harmful Event was Not a Collision with a Motor Vehicle in Transport,0,No,1,Non-Junction,1,Not an Intersection,3,On Median,0,None,1,Daylight,1,Clear,0,No,0000000,Not Applicable,15,3:00pm-3:59pm,50,50,16,4:00pm-4:59pm,4,4,99,Unknown,99,Unknown EMS Hospital Arrival Time,1
26,Michigan,260905,0,0,2,2,0,2,2,77,KALAMAZOO (77),2520,KALAMAZOO,11,November,14,14,2,Monday,2022,8,8:00am-8:59am,25,25,CR-SPRINKLE RD,NA,4,County Road,1,Rural,3,Principal Arterial - Other,2,County Highway Agency,1,This section IS ON the NHS,0,No Special Jurisdiction,56,56,42.25613333,42.25613333,-85.53063333,-85.53063333,12,Motor Vehicle In-Transport,6,Angle,0,No,1,Non-Junction,1,Not an Intersection,1,On Roadway,0,None,1,Daylight,1,Clear,0,No,0000000,Not Applicable,99,Unknown,99,Unknown,99,Unknown EMS Scene Arrival Hour,99,Unknown EMS Scene Arrival Minutes,99,Unknown,99,Unknown EMS Hospital Arrival Time,1
26,Michigan,260906,0,0,2,1,1,1,1,11,ARENAC (11),0,NOT APPLICABLE,12,December,3,3,7,Saturday,2022,17,5:00pm-5:59pm,17,17,US-2 HURON RD,NA,2,US Highway,1,Rural,3,Principal Arterial - Other,1,State Highway Agency,1,This section IS ON the NHS,0,No Special Jurisdiction,112,112,44.04806389,44.04806389,-83.77777222,-83.77777222,14,Parked Motor Vehicle,0,The First Harmful Event was Not a Collision with a Motor Vehicle in Transport,0,No,1,Non-Junction,1,Not an Intersection,2,On Shoulder,0,None,2,Dark - Not Lighted,1,Clear,0,No,0000000,Not Applicable,17,5:00pm-5:59pm,17,17,17,5:00pm-5:59pm,39,39,99,Unknown,99,Unknown EMS Hospital Arrival Time,1
26,Michigan,260907,1,1,1,1,0,1,1,163,WAYNE (163),2090,GROSSE POINTE PARK,12,December,2,2,6,Friday,2022,11,11:00am-11:59am,5,5,SOMERSET,NA,6,Local Street - Municipality,2,Urban,7,Local,4,City or Municipal Highway Agency,0,This section IS NOT on the NHS,0,No Special Jurisdiction,1,1,42.38590278,42.38590278,-82.938875,-82.938875,8,Pedestrian,0,The First Harmful Event was Not a Collision with a Motor Vehicle in Transport,0,No,1,Non-Junction,1,Not an Intersection,1,On Roadway,0,None,1,Daylight,1,Clear,0,No,0000000,Not Applicable,99,Unknown,99,Unknown,99,Unknown EMS Scene Arrival Hour,99,Unknown EMS Scene Arrival Minutes,99,Unknown,99,Unknown EMS Hospital Arrival Time,1
26,Michigan,260908,0,0,2,2,0,2,2,79,KALKASKA (79),0,NOT APPLICABLE,12,December,6,6,3,Tuesday,2022,6,6:00am-6:59am,16,16,CR-612,NA,4,County Road,1,Rural,5,Major Collector,2,County Highway Agency,0,This section IS NOT on the NHS,0,No Special Jurisdiction,140,140,44.74270556,44.74270556,-85.0659,-85.0659,12,Motor Vehicle In-Transport,6,Angle,0,No,1,Non-Junction,1,Not an Intersection,1,On Roadway,0,None,2,Dark - Not Lighted,10,Cloudy,0,No,0000000,Not Applicable,6,6:00am-6:59am,16,16,6,6:00am-6:59am,28,28,99,Unknown,99,Unknown EMS Hospital Arrival Time,1
26,Michigan,260909,1,1,1,1,0,1,1,55,GRAND TRAVERSE (55),0,NOT APPLICABLE,12,December,2,2,6,Friday,2022,18,6:00pm-6:59pm,21,21,CR-LONG LAKE RD,NA,4,County Road,1,Rural,5,Major Collector,2,County Highway Agency,0,This section IS NOT on the NHS,0,No Special Jurisdiction,41,41,44.7301,44.7301,-85.77676389,-85.77676389,8,Pedestrian,0,The First Harmful Event was Not a Collision with a Motor Vehicle in Transport,0,No,1,Non-Junction,1,Not an Intersection,1,On Roadway,0,None,2,Dark - Not Lighted,1,Clear,0,No,0000000,Not Applicable,18,6:00pm-6:59pm,24,24,18,6:00pm-6:59pm,30,30,88,Not Applicable (Not Transported),88,Not Applicable (Not Transported),1
26,Michigan,260910,1,1,1,1,0,1,1,55,GRAND TRAVERSE (55),0,NOT APPLICABLE,12,December,11,11,1,Sunday,2022,19,7:00pm-7:59pm,55,55,US-31,STATE ST,2,US Highway,2,Urban,3,Principal Arterial - Other,1,State Highway Agency,1,This section IS ON the NHS,0,No Special Jurisdiction,61,61,44.66498333,44.66498333,-85.69358056,-85.69358056,8,Pedestrian,0,The First Harmful Event was Not a Collision with a Motor Vehicle in Transport,0,No,3,Intersection-Related,3,T-Intersection,1,On Roadway,0,None,3,Dark - Lighted,1,Clear,0,No,0000000,Not Applicable,99,Unknown,99,Unknown,99,Unknown EMS Scene Arrival Hour,99,Unknown EMS Scene Arrival Minutes,88,Not Applicable (Not Transported),88,Not Applicable (Not Transported),1
26,Michigan,260911,0,0,1,1,0,1,1,99,MACOMB (99),4380,ST. CLAIR SHORES,12,December,1,1,5,Thursday,2022,16,4:00pm-4:59pm,59,59,I-94,NA,1,Interstate,2,Urban,1,Interstate,1,State Highway Agency,1,This section IS ON the NHS,0,No Special Jurisdiction,15,15,42.47052222,42.47052222,-82.918325,-82.918325,1,Rollover/Overturn,0,The First Harmful Event was Not a Collision with a Motor Vehicle in Transport,0,No,1,Non-Junction,1,Not an Intersection,4,On Roadside,0,None,1,Daylight,1,Clear,0,No,0000000,Not Applicable,99,Unknown,98,Unknown if Notified,99,Unknown EMS Scene Arrival Hour,98,Unknown if Arrived,88,Not Applicable (Not Transported),88,Not Applicable (Not Transported),1
26,Michigan,260912,0,0,2,2,0,2,2,55,GRAND TRAVERSE (55),0,NOT APPLICABLE,12,December,15,15,5,Thursday,2022,23,11:00pm-11:59pm,8,8,US-31,J MADDY PKWY,2,US Highway,1,Rural,3,Principal Arterial - Other,1,State Highway Agency,1,This section IS ON the NHS,0,No Special Jurisdiction,24,24,44.65875,44.65875,-85.76788056,-85.76788056,12,Motor Vehicle In-Transport,6,Angle,0,No,2,Intersection,2,Four-Way Intersection,1,On Roadway,0,None,2,Dark - Not Lighted,2,Rain,0,No,0000000,Not Applicable,99,Unknown,99,Unknown,99,Unknown EMS Scene Arrival Hour,99,Unknown EMS Scene Arrival Minutes,88,Not Applicable (Not Transported),88,Not Applicable (Not Transported),1
26,Michigan,260913,1,1,1,1,0,1,1,163,WAYNE (163),1260,DETROIT,12,December,23,23,6,Friday,2022,21,9:00pm-9:59pm,32,32,SR-5 GRAND RIVER AVE,WESTBROOK ST,3,State Highway,2,Urban,3,Principal Arterial - Other,1,State Highway Agency,1,This section IS ON the NHS,0,No Special Jurisdiction,8,8,42.41393611,42.41393611,-83.251025,-83.251025,8,Pedestrian,0,The First Harmful Event was Not a Collision with a Motor Vehicle in Transport,0,No,3,Intersection-Related,2,Four-Way Intersection,1,On Roadway,0,None,3,Dark - Lighted,1,Clear,0,No,0000000,Not Applicable,99,Unknown,99,Unknown,99,Unknown EMS Scene Arrival Hour,99,Unknown EMS Scene Arrival Minutes,99,Unknown,99,Unknown EMS Hospital Arrival Time,1
26,Michigan,260914,0,0,1,1,0,1,1,99,MACOMB (99),4330,ROSEVILLE,12,December,1,1,5,Thursday,2022,1,1:00am-1:59am,0,0,I-696 RAMP O22D,NA,1,Interstate,2,Urban,1,Interstate,1,State Highway Agency,1,This section IS ON the NHS,0,No Special Jurisdiction,75,75,42.49491944,42.49491944,-82.94266667,-82.94266667,1,Rollover/Overturn,0,The First Harmful Event was Not a Collision with a Motor Vehicle in Transport,1,Yes,5,Entrance/Exit Ramp Related,1,Not an Intersection,8,Gore,0,None,3,Dark - Lighted,1,Clear,0,No,0000000,Not Applicable,99,Unknown,99,Unknown,99,Unknown EMS Scene Arrival Hour,99,Unknown EMS Scene Arrival Minutes,88,Not Applicable (Not Transported),88,Not Applicable (Not Transported),1
26,Michigan,260915,0,0,1,1,0,2,2,163,WAYNE (163),1260,DETROIT,12,December,11,11,1,Sunday,2022,1,1:00am-1:59am,20,20,SR-SCHAEFER,NA,3,State Highway,2,Urban,3,Principal Arterial - Other,1,State Highway Agency,1,This section IS ON the NHS,0,No Special Jurisdiction,2,2,42.27652778,42.27652778,-83.15557778,-83.15557778,30,Utility Pole/Light Support,0,The First Harmful Event was Not a Collision with a Motor Vehicle in Transport,0,No,1,Non-Junction,1,Not an Intersection,3,On Median,0,None,3,Dark - Lighted,1,Clear,0,No,0000000,Not Applicable,99,Unknown,99,Unknown,99,Unknown EMS Scene Arrival Hour,99,Unknown EMS Scene Arrival Minutes,99,Unknown,99,Unknown EMS Hospital Arrival Time,1
26,Michigan,260916,0,0,4,4,0,5,5,93,LIVINGSTON (93),0,NOT APPLICABLE,12,December,12,12,2,Monday,2022,21,9:00pm-9:59pm,32,32,US-23,NA,2,US Highway,2,Urban,2,Principal Arterial - Other Freeways and Expressways,1,State Highway Agency,1,This section IS ON the NHS,0,No Special Jurisdiction,50,50,42.49823611,42.49823611,-83.75760278,-83.75760278,57,Cable Barrier,0,The First Harmful Event was Not a Collision with a Motor Vehicle in Transport,0,No,1,Non-Junction,1,Not an Intersection,4,On Roadside,0,None,2,Dark - Not Lighted,1,Clear,0,No,0000000,Not Applicable,21,9:00pm-9:59pm,33,33,21,9:00pm-9:59pm,45,45,88,Not Applicable (Not Transported),88,Not Applicable (Not Transported),2
26,Michigan,260917,1,1,1,1,0,1,1,25,CALHOUN (25),0,NOT APPLICABLE,12,December,17,17,7,Saturday,2022,4,4:00am-4:59am,23,23,I-94,NA,1,Interstate,1,Rural,1,Interstate,1,State Highway Agency,1,This section IS ON the NHS,0,No Special Jurisdiction,142,142,42.29745278,42.29745278,-85.03656111,-85.03656111,8,Pedestrian,0,The First Harmful Event was Not a Collision with a Motor Vehicle in Transport,0,No,1,Non-Junction,1,Not an Intersection,1,On Roadway,0,None,2,Dark - Not Lighted,4,Snow,0,No,0000000,Not Applicable,4,4:00am-4:59am,46,46,4,4:00am-4:59am,54,54,88,Not Applicable (Not Transported),88,Not Applicable (Not Transported),1
26,Michigan,260918,0,0,1,1,0,1,1,77,KALAMAZOO (77),0,NOT APPLICABLE,12,December,18,18,1,Sunday,2022,17,5:00pm-5:59pm,29,29,CR-E ML AVE,NA,4,County Road,2,Urban,5,Major Collector,2,County Highway Agency,0,This section IS NOT on the NHS,0,No Special Jurisdiction,70,70,42.26698889,42.26698889,-85.43351111,-85.43351111,42,Tree (Standing Only),0,The First Harmful Event was Not a Collision with a Motor Vehicle in Transport,0,No,1,Non-Junction,1,Not an Intersection,4,On Roadside,0,None,5,Dusk,10,Cloudy,0,No,0000000,Not Applicable,17,5:00pm-5:59pm,29,29,17,5:00pm-5:59pm,40,40,88,Not Applicable (Not Transported),88,Not Applicable (Not Transported),1
26,Michigan,260919,0,0,1,1,0,2,2,25,CALHOUN (25),310,BATTLE CREEK,12,December,13,13,3,Tuesday,2022,17,5:00pm-5:59pm,14,14,SR-W MICHIGAN AVE,NA,3,State Highway,2,Urban,3,Principal Arterial - Other,1,State Highway Agency,1,This section IS ON the NHS,0,No Special Jurisdiction,57,57,42.32754444,42.32754444,-85.20302222,-85.20302222,43,Other Fixed Object,0,The First Harmful Event was Not a Collision with a Motor Vehicle in Transport,0,No,1,Non-Junction,1,Not an Intersection,5,Outside Trafficway,0,None,3,Dark - Lighted,10,Cloudy,0,No,0000000,Not Applicable,99,Unknown,99,Unknown,99,Unknown EMS Scene Arrival Hour,99,Unknown EMS Scene Arrival Minutes,99,Unknown,99,Unknown EMS Hospital Arrival Time,1
26,Michigan,260920,1,1,1,1,0,1,1,163,WAYNE (163),4166,REDFORD TOWNSHIP,12,December,15,15,5,Thursday,2022,19,7:00pm-7:59pm,28,28,I-96,NA,1,Interstate,2,Urban,1,Interstate,1,State Highway Agency,1,This section IS ON the NHS,0,No Special Jurisdiction,76,76,42.38502222,42.38502222,-83.2943,-83.2943,8,Pedestrian,0,The First Harmful Event was Not a Collision with a Motor Vehicle in Transport,1,Yes,18,Through Roadway,1,Not an Intersection,1,On Roadway,0,None,3,Dark - Lighted,1,Clear,0,No,0000000,Not Applicable,19,7:00pm-7:59pm,35,35,19,7:00pm-7:59pm,40,40,88,Not Applicable (Not Transported),88,Not Applicable (Not Transported),1
26,Michigan,260921,0,0,1,1,0,1,1,3,ALGER (3),0,NOT APPLICABLE,12,December,19,19,2,Monday,2022,20,8:00pm-8:59pm,30,30,FEDERAL FOREST RD 2473,NA,9,Unknown,1,Rural,98,Not Reported,98,Not Reported,0,This section IS NOT on the NHS,9,Unknown,38,38,46.30976667,46.30976667,-86.69281389,-86.69281389,42,Tree (Standing Only),0,The First Harmful Event was Not a Collision with a Motor Vehicle in Transport,0,No,1,Non-Junction,1,Not an Intersection,4,On Roadside,0,None,2,Dark - Not Lighted,1,Clear,0,No,0000000,Not Applicable,99,Unknown,99,Unknown,99,Unknown EMS Scene Arrival Hour,99,Unknown EMS Scene Arrival Minutes,99,Unknown,99,Unknown EMS Hospital Arrival Time,1
26,Michigan,260922,0,0,2,2,0,3,3,45,EATON (45),0,NOT APPLICABLE,12,December,16,16,6,Friday,2022,11,11:00am-11:59am,50,50,SR-43 W GRAND LEDGE HWY,NA,3,State Highway,1,Rural,4,Minor Arterial,1,State Highway Agency,0,This section IS NOT on the NHS,0,No Special Jurisdiction,84,84,42.75561111,42.75561111,-84.88464444,-84.88464444,12,Motor Vehicle In-Transport,2,Front-to-Front,0,No,1,Non-Junction,1,Not an Intersection,1,On Roadway,0,None,1,Daylight,1,Clear,0,No,0000000,Not Applicable,99,Unknown,99,Unknown,99,Unknown EMS Scene Arrival Hour,99,Unknown EMS Scene Arrival Minutes,99,Unknown,99,Unknown EMS Hospital Arrival Time,1
26,Michigan,260923,1,1,1,1,0,1,1,5,ALLEGAN (5),2290,HOLLAND,12,December,5,5,2,Monday,2022,5,5:00am-5:59am,46,46,US-31,LINCOLN AVE,2,US Highway,2,Urban,3,Principal Arterial - Other,1,State Highway Agency,1,This section IS ON the NHS,0,No Special Jurisdiction,34,34,42.760875,42.760875,-86.09714444,-86.09714444,9,Pedalcyclist,0,The First Harmful Event was Not a Collision with a Motor Vehicle in Transport,0,No,3,Intersection-Related,2,Four-Way Intersection,1,On Roadway,0,None,3,Dark - Lighted,1,Clear,0,No,0000000,Not Applicable,99,Unknown,99,Unknown,99,Unknown EMS Scene Arrival Hour,99,Unknown EMS Scene Arrival Minutes,88,Not Applicable (Not Transported),88,Not Applicable (Not Transported),1
26,Michigan,260924,0,0,2,2,0,2,2,163,WAYNE (163),4295,ROMULUS,1,January,1,1,7,Saturday,2022,22,10:00pm-10:59pm,45,45,CR-VAN BORN RD,MIDDLEBELT RD,4,County Road,2,Urban,3,Principal Arterial - Other,2,County Highway Agency,1,This section IS ON the NHS,0,No Special Jurisdiction,50,50,42.26781944,42.26781944,-83.32862222,-83.32862222,12,Motor Vehicle In-Transport,2,Front-to-Front,0,No,2,Intersection,2,Four-Way Intersection,1,On Roadway,0,None,2,Dark - Not Lighted,4,Snow,0,No,0000000,Not Applicable,99,Unknown,99,Unknown,99,Unknown EMS Scene Arrival Hour,99,Unknown EMS Scene Arrival Minutes,99,Unknown,99,Unknown EMS Hospital Arrival Time,1
26,Michigan,260925,0,0,2,2,0,3,3,25,CALHOUN (25),310,BATTLE CREEK,7,July,29,29,6,Friday,2022,18,6:00pm-6:59pm,26,26,N 20TH ST,N TERRITORIAL RD,6,Local Street - Municipality,2,Urban,4,Minor Arterial,4,City or Municipal Highway Agency,0,This section IS NOT on the NHS,0,No Special Jurisdiction,5,5,42.30475833,42.30475833,-85.21907222,-85.21907222,12,Motor Vehicle In-Transport,6,Angle,0,No,2,Intersection,2,Four-Way Intersection,1,On Roadway,0,None,1,Daylight,1,Clear,0,No,0000000,Not Applicable,99,Unknown,99,Unknown,99,Unknown EMS Scene Arrival Hour,99,Unknown EMS Scene Arrival Minutes,99,Unknown,99,Unknown EMS Hospital Arrival Time,1
26,Michigan,260926,1,1,2,2,0,2,2,65,INGHAM (65),0,NOT APPLICABLE,8,August,26,26,6,Friday,2022,22,10:00pm-10:59pm,35,35,SR-43 W GRAND RIVER AVE,NA,3,State Highway,2,Urban,3,Principal Arterial - Other,1,State Highway Agency,1,This section IS ON the NHS,0,No Special Jurisdiction,65,65,42.72398333,42.72398333,-84.43904167,-84.43904167,8,Pedestrian,0,The First Harmful Event was Not a Collision with a Motor Vehicle in Transport,0,No,1,Non-Junction,1,Not an Intersection,1,On Roadway,1,Construction,2,Dark - Not Lighted,1,Clear,0,No,0000000,Not Applicable,99,Unknown,99,Unknown,99,Unknown EMS Scene Arrival Hour,99,Unknown EMS Scene Arrival Minutes,88,Not Applicable (Not Transported),88,Not Applicable (Not Transported),1
26,Michigan,260927,0,0,1,1,0,2,2,25,CALHOUN (25),310,BATTLE CREEK,10,October,27,27,5,Thursday,2022,18,6:00pm-6:59pm,21,21,N WASHINGTON AVE,NA,6,Local Street - Municipality,2,Urban,4,Minor Arterial,4,City or Municipal Highway Agency,0,This section IS NOT on the NHS,0,No Special Jurisdiction,17,17,42.33245,42.33245,-85.19045833,-85.19045833,19,Building,0,The First Harmful Event was Not a Collision with a Motor Vehicle in Transport,0,No,1,Non-Junction,1,Not an Intersection,5,Outside Trafficway,0,None,1,Daylight,1,Clear,0,No,0000000,Not Applicable,99,Unknown,99,Unknown,99,Unknown EMS Scene Arrival Hour,99,Unknown EMS Scene Arrival Minutes,88,Not Applicable (Not Transported),88,Not Applicable (Not Transported),2
26,Michigan,260928,0,0,1,1,0,1,1,163,WAYNE (163),5176,WESTLAND,10,October,28,28,6,Friday,2022,20,8:00pm-8:59pm,15,15,CR-EDWARD N HINES DR,NA,4,County Road,2,Urban,3,Principal Arterial - Other,2,County Highway Agency,1,This section IS ON the NHS,0,No Special Jurisdiction,99,99,42.34417222,42.34417222,-83.32736944,-83.32736944,42,Tree (Standing Only),0,The First Harmful Event was Not a Collision with a Motor Vehicle in Transport,0,No,1,Non-Junction,1,Not an Intersection,4,On Roadside,0,None,2,Dark - Not Lighted,1,Clear,0,No,0000000,Not Applicable,20,8:00pm-8:59pm,24,24,99,Unknown EMS Scene Arrival Hour,99,Unknown EMS Scene Arrival Minutes,99,Unknown,99,Unknown EMS Hospital Arrival Time,1
26,Michigan,260929,1,1,1,1,0,2,2,163,WAYNE (163),5310,WYANDOTTE,10,October,1,1,7,Saturday,2022,20,8:00pm-8:59pm,52,52,3RD ST,PINE ST,6,Local Street - Municipality,2,Urban,5,Major Collector,4,City or Municipal Highway Agency,0,This section IS NOT on the NHS,0,No Special Jurisdiction,2,2,42.197825,42.197825,-83.15300556,-83.15300556,8,Pedestrian,0,The First Harmful Event was Not a Collision with a Motor Vehicle in Transport,0,No,2,Intersection,2,Four-Way Intersection,1,On Roadway,0,None,3,Dark - Lighted,1,Clear,0,No,0000000,Not Applicable,99,Unknown,99,Unknown,99,Unknown EMS Scene Arrival Hour,99,Unknown EMS Scene Arrival Minutes,99,Unknown,99,Unknown EMS Hospital Arrival Time,1
26,Michigan,260930,1,1,1,1,0,1,1,99,MACOMB (99),4731,STERLING HEIGHTS,11,November,8,8,3,Tuesday,2022,6,6:00am-6:59am,4,4,CR-MOUND RD,NA,4,County Road,2,Urban,3,Principal Arterial - Other,2,County Highway Agency,1,This section IS ON the NHS,0,No Special Jurisdiction,105,105,42.59936111,42.59936111,-83.05065833,-83.05065833,8,Pedestrian,0,The First Harmful Event was Not a Collision with a Motor Vehicle in Transport,0,No,1,Non-Junction,1,Not an Intersection,1,On Roadway,1,Construction,2,Dark - Not Lighted,1,Clear,0,No,0000000,Not Applicable,6,6:00am-6:59am,4,4,6,6:00am-6:59am,10,10,88,Not Applicable (Not Transported),88,Not Applicable (Not Transported),1
26,Michigan,260931,0,0,2,2,0,4,4,25,CALHOUN (25),310,BATTLE CREEK,11,November,5,5,7,Saturday,2022,0,0:00am-0:59am,1,1,SPENCER ST,NA,6,Local Street - Municipality,2,Urban,5,Major Collector,4,City or Municipal Highway Agency,0,This section IS NOT on the NHS,0,No Special Jurisdiction,9,9,42.31733056,42.31733056,-85.14555556,-85.14555556,12,Motor Vehicle In-Transport,6,Angle,0,No,1,Non-Junction,1,Not an Intersection,1,On Roadway,0,None,3,Dark - Lighted,1,Clear,0,No,0000000,Not Applicable,99,Unknown,99,Unknown,99,Unknown EMS Scene Arrival Hour,99,Unknown EMS Scene Arrival Minutes,99,Unknown,99,Unknown EMS Hospital Arrival Time,2
26,Michigan,260932,0,0,1,1,0,1,1,49,GENESEE (49),0,NOT APPLICABLE,11,November,24,24,5,Thursday,2022,1,1:00am-1:59am,58,58,CR-FENTON RD,NA,4,County Road,2,Urban,4,Minor Arterial,2,County Highway Agency,0,This section IS NOT on the NHS,0,No Special Jurisdiction,69,69,42.89303889,42.89303889,-83.69690278,-83.69690278,42,Tree (Standing Only),0,The First Harmful Event was Not a Collision with a Motor Vehicle in Transport,0,No,1,Non-Junction,1,Not an Intersection,4,On Roadside,0,None,2,Dark - Not Lighted,1,Clear,0,No,0000000,Not Applicable,2,2:00am-2:59am,4,4,2,2:00am-2:59am,14,14,99,Unknown,99,Unknown EMS Hospital Arrival Time,1
26,Michigan,260933,0,0,1,1,0,5,5,163,WAYNE (163),2820,LINCOLN PARK,11,November,17,17,5,Thursday,2022,21,9:00pm-9:59pm,2,2,CICOTTE AVE,NA,6,Local Street - Municipality,2,Urban,7,Local,4,City or Municipal Highway Agency,0,This section IS NOT on the NHS,0,No Special Jurisdiction,6,6,42.26108889,42.26108889,-83.18286944,-83.18286944,42,Tree (Standing Only),0,The First Harmful Event was Not a Collision with a Motor Vehicle in Transport,0,No,1,Non-Junction,1,Not an Intersection,4,On Roadside,0,None,3,Dark - Lighted,1,Clear,0,No,0000000,Not Applicable,99,Unknown,99,Unknown,99,Unknown EMS Scene Arrival Hour,99,Unknown EMS Scene Arrival Minutes,99,Unknown,99,Unknown EMS Hospital Arrival Time,3
26,Michigan,260934,0,0,1,1,0,1,1,5,ALLEGAN (5),0,NOT APPLICABLE,11,November,26,26,7,Saturday,2022,14,2:00pm-2:59pm,23,23,SR-42,NA,3,State Highway,1,Rural,4,Minor Arterial,1,State Highway Agency,0,This section IS NOT on the NHS,0,No Special Jurisdiction,55,55,42.49703611,42.49703611,-85.858075,-85.858075,42,Tree (Standing Only),0,The First Harmful Event was Not a Collision with a Motor Vehicle in Transport,0,No,1,Non-Junction,1,Not an Intersection,4,On Roadside,0,None,1,Daylight,1,Clear,0,No,0000000,Not Applicable,99,Unknown,99,Unknown,99,Unknown EMS Scene Arrival Hour,99,Unknown EMS Scene Arrival Minutes,88,Not Applicable (Not Transported),88,Not Applicable (Not Transported),1
26,Michigan,260935,0,0,2,2,0,3,3,125,OAKLAND (125),4567,SOUTHFIELD,11,November,29,29,3,Tuesday,2022,14,2:00pm-2:59pm,15,15,US-24 TELEGRAPH RD,NA,2,US Highway,2,Urban,3,Principal Arterial - Other,1,State Highway Agency,1,This section IS ON the NHS,0,No Special Jurisdiction,7,7,42.45379444,42.45379444,-83.27814167,-83.27814167,12,Motor Vehicle In-Transport,1,Front-to-Rear,0,No,8,Driveway Access Related,1,Not an Intersection,1,On Roadway,0,None,1,Daylight,1,Clear,0,No,0000000,Not Applicable,99,Unknown,99,Unknown,99,Unknown EMS Scene Arrival Hour,99,Unknown EMS Scene Arrival Minutes,99,Unknown,99,Unknown EMS Hospital Arrival Time,1
26,Michigan,260936,0,0,3,3,0,4,4,163,WAYNE (163),1210,DEARBORN,12,December,2,2,6,Friday,2022,11,11:00am-11:59am,11,11,SCHAEFER RD,NA,6,Local Street - Municipality,2,Urban,3,Principal Arterial - Other,4,City or Municipal Highway Agency,1,This section IS ON the NHS,0,No Special Jurisdiction,15,15,42.29751667,42.29751667,-83.17214444,-83.17214444,12,Motor Vehicle In-Transport,2,Front-to-Front,0,No,1,Non-Junction,1,Not an Intersection,1,On Roadway,0,None,1,Daylight,1,Clear,0,No,0000000,Not Applicable,99,Unknown,99,Unknown,99,Unknown EMS Scene Arrival Hour,99,Unknown EMS Scene Arrival Minutes,99,Unknown,99,Unknown EMS Hospital Arrival Time,1
26,Michigan,260937,0,0,1,1,0,1,1,161,WASHTENAW (161),0,NOT APPLICABLE,12,December,7,7,4,Wednesday,2022,22,10:00pm-10:59pm,34,34,US-12 MICHIGAN AVE,NA,2,US Highway,1,Rural,3,Principal Arterial - Other,1,State Highway Agency,1,This section IS ON the NHS,0,No Special Jurisdiction,16,16,42.07242222,42.07242222,-84.07771667,-84.07771667,42,Tree (Standing Only),0,The First Harmful Event was Not a Collision with a Motor Vehicle in Transport,0,No,1,Non-Junction,1,Not an Intersection,4,On Roadside,0,None,2,Dark - Not Lighted,1,Clear,0,No,0000000,Not Applicable,99,Unknown,99,Unknown,99,Unknown EMS Scene Arrival Hour,99,Unknown EMS Scene Arrival Minutes,88,Not Applicable (Not Transported),88,Not Applicable (Not Transported),1
26,Michigan,260938,0,0,1,1,0,1,1,93,LIVINGSTON (93),0,NOT APPLICABLE,12,December,9,9,6,Friday,2022,1,1:00am-1:59am,25,25,CR-HOGAN RD,NA,4,County Road,1,Rural,7,Local,2,County Highway Agency,0,This section IS NOT on the NHS,0,No Special Jurisdiction,22,22,42.74996111,42.74996111,-83.80916111,-83.80916111,53,Mail Box,0,The First Harmful Event was Not a Collision with a Motor Vehicle in Transport,0,No,1,Non-Junction,1,Not an Intersection,4,On Roadside,0,None,2,Dark - Not Lighted,10,Cloudy,0,No,0000000,Not Applicable,1,1:00am-1:59am,25,25,99,Unknown EMS Scene Arrival Hour,99,Unknown EMS Scene Arrival Minutes,88,Not Applicable (Not Transported),88,Not Applicable (Not Transported),1
26,Michigan,260939,0,0,2,2,0,2,2,95,LUCE (95),0,NOT APPLICABLE,12,December,18,18,1,Sunday,2022,9,9:00am-9:59am,50,50,SR-28,NA,3,State Highway,1,Rural,3,Principal Arterial - Other,1,State Highway Agency,1,This section IS ON the NHS,0,No Special Jurisdiction,96,96,46.32878333,46.32878333,-85.67414444,-85.67414444,12,Motor Vehicle In-Transport,2,Front-to-Front,0,No,1,Non-Junction,1,Not an Intersection,1,On Roadway,0,None,1,Daylight,11,Blowing Snow,0,No,0000000,Not Applicable,9,9:00am-9:59am,56,56,10,10:00am-10:59am,17,17,99,Unknown,99,Unknown EMS Hospital Arrival Time,1
26,Michigan,260940,2,2,3,2,1,2,2,93,LIVINGSTON (93),0,NOT APPLICABLE,12,December,17,17,7,Saturday,2022,22,10:00pm-10:59pm,25,25,I-96,NA,1,Interstate,2,Urban,1,Interstate,1,State Highway Agency,1,This section IS ON the NHS,0,No Special Jurisdiction,237,237,42.52221389,42.52221389,-83.74362222,-83.74362222,12,Motor Vehicle In-Transport,7,Sideswipe - Same Direction,0,No,1,Non-Junction,1,Not an Intersection,1,On Roadway,0,None,3,Dark - Lighted,4,Snow,0,No,0000000,Not Applicable,22,10:00pm-10:59pm,24,24,22,10:00pm-10:59pm,37,37,99,Unknown,99,Unknown EMS Hospital Arrival Time,1
26,Michigan,260941,0,0,2,2,0,2,2,79,KALKASKA (79),0,NOT APPLICABLE,12,December,26,26,2,Monday,2022,14,2:00pm-2:59pm,3,3,US-131,NA,2,US Highway,1,Rural,3,Principal Arterial - Other,1,State Highway Agency,1,This section IS ON the NHS,0,No Special Jurisdiction,171,171,44.79798333,44.79798333,-85.14838333,-85.14838333,12,Motor Vehicle In-Transport,2,Front-to-Front,0,No,1,Non-Junction,1,Not an Intersection,1,On Roadway,0,None,1,Daylight,5,"Fog, Smog, Smoke",0,No,0000000,Not Applicable,14,2:00pm-2:59pm,3,3,14,2:00pm-2:59pm,15,15,99,Unknown,99,Unknown EMS Hospital Arrival Time,1
26,Michigan,260942,1,1,2,2,0,3,3,135,OSCODA (135),0,NOT APPLICABLE,12,December,27,27,3,Tuesday,2022,20,8:00pm-8:59pm,52,52,SR-72 RYNO RD,NA,3,State Highway,1,Rural,4,Minor Arterial,1,State Highway Agency,0,This section IS NOT on the NHS,0,No Special Jurisdiction,97,97,44.64523889,44.64523889,-84.19593333,-84.19593333,8,Pedestrian,0,The First Harmful Event was Not a Collision with a Motor Vehicle in Transport,0,No,1,Non-Junction,1,Not an Intersection,1,On Roadway,0,None,2,Dark - Not Lighted,1,Clear,0,No,0000000,Not Applicable,20,8:00pm-8:59pm,55,55,21,9:00pm-9:59pm,2,2,88,Not Applicable (Not Transported),88,Not Applicable (Not Transported),1
26,Michigan,260943,0,0,3,3,0,3,3,95,LUCE (95),0,NOT APPLICABLE,12,December,27,27,3,Tuesday,2022,18,6:00pm-6:59pm,39,39,SR-123,CHARCOAL GRADE RD,3,State Highway,1,Rural,4,Minor Arterial,1,State Highway Agency,0,This section IS NOT on the NHS,0,No Special Jurisdiction,232,232,46.37536111,46.37536111,-85.50983611,-85.50983611,12,Motor Vehicle In-Transport,6,Angle,0,No,2,Intersection,3,T-Intersection,1,On Roadway,0,None,5,Dusk,4,Snow,0,No,0000000,Not Applicable,18,6:00pm-6:59pm,23,23,18,6:00pm-6:59pm,50,50,99,Unknown,99,Unknown EMS Hospital Arrival Time,1
26,Michigan,260944,0,0,2,2,0,3,3,77,KALAMAZOO (77),4030,PORTAGE,12,December,8,8,5,Thursday,2022,20,8:00pm-8:59pm,31,31,CR-S SPRINKLE RD,E MILHAM AVE,4,County Road,2,Urban,3,Principal Arterial - Other,2,County Highway Agency,1,This section IS ON the NHS,0,No Special Jurisdiction,38,38,42.23020556,42.23020556,-85.54048889,-85.54048889,12,Motor Vehicle In-Transport,2,Front-to-Front,0,No,2,Intersection,2,Four-Way Intersection,1,On Roadway,0,None,3,Dark - Lighted,10,Cloudy,0,No,0000000,Not Applicable,20,8:00pm-8:59pm,32,32,20,8:00pm-8:59pm,37,37,99,Unknown,99,Unknown EMS Hospital Arrival Time,1
26,Michigan,260945,0,0,1,1,0,2,2,147,ST. CLAIR (147),0,NOT APPLICABLE,12,December,30,30,6,Friday,2022,5,5:00am-5:59am,17,17,CR-NORMAN RD,NA,4,County Road,1,Rural,5,Major Collector,2,County Highway Agency,0,This section IS NOT on the NHS,0,No Special Jurisdiction,99,99,43.08673611,43.08673611,-82.79543333,-82.79543333,1,Rollover/Overturn,0,The First Harmful Event was Not a Collision with a Motor Vehicle in Transport,0,No,1,Non-Junction,1,Not an Intersection,4,On Roadside,0,None,2,Dark - Not Lighted,1,Clear,0,No,0000000,Not Applicable,5,5:00am-5:59am,17,17,5,5:00am-5:59am,41,41,88,Not Applicable (Not Transported),88,Not Applicable (Not Transported),1
26,Michigan,260946,0,0,2,2,0,2,2,115,MONROE (115),0,NOT APPLICABLE,12,December,15,15,5,Thursday,2022,15,3:00pm-3:59pm,41,41,CR-WHITEFORD RD,WHITEFORD CENTER RD,4,County Road,2,Urban,6,Minor Collector,2,County Highway Agency,0,This section IS NOT on the NHS,0,No Special Jurisdiction,30,30,41.76115,41.76115,-83.6666,-83.6666,12,Motor Vehicle In-Transport,6,Angle,0,No,2,Intersection,2,Four-Way Intersection,1,On Roadway,0,None,1,Daylight,10,Cloudy,0,No,0000000,Not Applicable,99,Unknown,99,Unknown,99,Unknown EMS Scene Arrival Hour,99,Unknown EMS Scene Arrival Minutes,88,Not Applicable (Not Transported),88,Not Applicable (Not Transported),2
26,Michigan,260947,1,1,1,1,0,1,1,125,OAKLAND (125),208,ABURN HILLS,12,December,29,29,5,Thursday,2022,21,9:00pm-9:59pm,3,3,N SQUIRREL RD,CROSS CREEK PKWY,6,Local Street - Municipality,2,Urban,4,Minor Arterial,4,City or Municipal Highway Agency,0,This section IS NOT on the NHS,0,No Special Jurisdiction,23,23,42.665775,42.665775,-83.21979722,-83.21979722,8,Pedestrian,0,The First Harmful Event was Not a Collision with a Motor Vehicle in Transport,0,No,3,Intersection-Related,3,T-Intersection,1,On Roadway,0,None,3,Dark - Lighted,10,Cloudy,0,No,0000000,Not Applicable,99,Unknown,99,Unknown,99,Unknown EMS Scene Arrival Hour,99,Unknown EMS Scene Arrival Minutes,88,Not Applicable (Not Transported),88,Not Applicable (Not Transported),1
26,Michigan,260948,0,0,2,2,0,2,2,23,BRANCH (23),0,NOT APPLICABLE,9,September,1,1,5,Thursday,2022,16,4:00pm-4:59pm,38,38,US-12 CHICAGO RD,MAPLE RD,2,US Highway,1,Rural,3,Principal Arterial - Other,1,State Highway Agency,1,This section IS ON the NHS,0,No Special Jurisdiction,268,268,41.94869444,41.94869444,-84.83052778,-84.83052778,12,Motor Vehicle In-Transport,1,Front-to-Rear,0,No,2,Intersection,3,T-Intersection,1,On Roadway,0,None,1,Daylight,1,Clear,0,No,0000000,Not Applicable,16,4:00pm-4:59pm,38,38,17,5:00pm-5:59pm,0,0,88,Not Applicable (Not Transported),88,Not Applicable (Not Transported),1
26,Michigan,260949,1,1,1,1,0,1,1,87,LAPEER (87),0,NOT APPLICABLE,12,December,3,3,7,Saturday,2022,19,7:00pm-7:59pm,14,14,SR-24 N LAPEER RD,NA,3,State Highway,1,Rural,4,Minor Arterial,1,State Highway Agency,0,This section IS NOT on the NHS,0,No Special Jurisdiction,220,220,43.1978,43.1978,-83.31285833,-83.31285833,8,Pedestrian,0,The First Harmful Event was Not a Collision with a Motor Vehicle in Transport,0,No,1,Non-Junction,1,Not an Intersection,1,On Roadway,0,None,2,Dark - Not Lighted,10,Cloudy,0,No,0000000,Not Applicable,99,Unknown,99,Unknown,99,Unknown EMS Scene Arrival Hour,99,Unknown EMS Scene Arrival Minutes,99,Unknown,99,Unknown EMS Hospital Arrival Time,1
26,Michigan,260950,1,1,1,1,0,1,1,163,WAYNE (163),1212,DEARBORN HEIGHTS,10,October,14,14,6,Friday,2022,22,10:00pm-10:59pm,27,27,ANNAPOLIS RD,PARDEE RD,6,Local Street - Municipality,2,Urban,5,Major Collector,4,City or Municipal Highway Agency,0,This section IS NOT on the NHS,0,No Special Jurisdiction,42,42,42.27664444,42.27664444,-83.25570833,-83.25570833,9,Pedalcyclist,0,The First Harmful Event was Not a Collision with a Motor Vehicle in Transport,0,No,3,Intersection-Related,2,Four-Way Intersection,1,On Roadway,0,None,3,Dark - Lighted,1,Clear,0,No,0000000,Not Applicable,99,Unknown,99,Unknown,99,Unknown EMS Scene Arrival Hour,99,Unknown EMS Scene Arrival Minutes,99,Unknown,99,Unknown EMS Hospital Arrival Time,1
26,Michigan,260951,0,0,1,1,0,2,2,99,MACOMB (99),4380,ST. CLAIR SHORES,10,October,1,1,7,Saturday,2022,2,2:00am-2:59am,57,57,I-94,NA,1,Interstate,2,Urban,1,Interstate,1,State Highway Agency,1,This section IS ON the NHS,0,No Special Jurisdiction,17,17,42.47299167,42.47299167,-82.91647222,-82.91647222,21,Bridge Pier or Support,0,The First Harmful Event was Not a Collision with a Motor Vehicle in Transport,0,No,1,Non-Junction,1,Not an Intersection,4,On Roadside,0,None,3,Dark - Lighted,1,Clear,0,No,0000000,Not Applicable,99,Unknown,98,Unknown if Notified,99,Unknown EMS Scene Arrival Hour,98,Unknown if Arrived,88,Not Applicable (Not Transported),88,Not Applicable (Not Transported),2
26,Michigan,260952,0,0,2,2,0,6,6,147,ST. CLAIR (147),0,NOT APPLICABLE,12,December,17,17,7,Saturday,2022,1,1:00am-1:59am,41,41,CR-CAPAC RD,NA,4,County Road,1,Rural,4,Minor Arterial,2,County Highway Agency,0,This section IS NOT on the NHS,0,No Special Jurisdiction,43,43,42.94821111,42.94821111,-82.943375,-82.943375,12,Motor Vehicle In-Transport,1,Front-to-Rear,0,No,1,Non-Junction,1,Not an Intersection,1,On Roadway,0,None,2,Dark - Not Lighted,10,Cloudy,0,No,0000000,Not Applicable,1,1:00am-1:59am,42,42,1,1:00am-1:59am,54,54,99,Unknown,99,Unknown EMS Hospital Arrival Time,1
26,Michigan,260953,1,1,1,1,0,1,1,91,LENAWEE (91),20,ADRIAN,12,December,28,28,4,Wednesday,2022,7,7:00am-7:59am,11,11,US-223,NA,2,US Highway,2,Urban,3,Principal Arterial - Other,1,State Highway Agency,1,This section IS ON the NHS,0,No Special Jurisdiction,190,190,41.893225,41.893225,-84.06377778,-84.06377778,8,Pedestrian,0,The First Harmful Event was Not a Collision with a Motor Vehicle in Transport,0,No,1,Non-Junction,1,Not an Intersection,1,On Roadway,0,None,2,Dark - Not Lighted,10,Cloudy,0,No,0000000,Not Applicable,99,Unknown,99,Unknown,99,Unknown EMS Scene Arrival Hour,99,Unknown EMS Scene Arrival Minutes,99,Unknown,99,Unknown EMS Hospital Arrival Time,1
26,Michigan,260954,0,0,2,2,0,2,2,25,CALHOUN (25),0,NOT APPLICABLE,8,August,22,22,2,Monday,2022,8,8:00am-8:59am,50,50,SR-96 E COLUMBIA AVE,NA,3,State Highway,2,Urban,3,Principal Arterial - Other,1,State Highway Agency,1,This section IS ON the NHS,0,No Special Jurisdiction,63,63,42.30330556,42.30330556,-85.16029722,-85.16029722,12,Motor Vehicle In-Transport,6,Angle,0,No,8,Driveway Access Related,1,Not an Intersection,1,On Roadway,0,None,1,Daylight,1,Clear,0,No,0000000,Not Applicable,8,8:00am-8:59am,50,50,9,9:00am-9:59am,0,0,88,Not Applicable (Not Transported),88,Not Applicable (Not Transported),1
26,Michigan,260955,0,0,2,2,0,2,2,163,WAYNE (163),1260,DETROIT,6,June,11,11,7,Saturday,2022,23,11:00pm-11:59pm,46,46,CHANDLER PARK DR,CONNER ST,6,Local Street - Municipality,2,Urban,5,Major Collector,4,City or Municipal Highway Agency,0,This section IS NOT on the NHS,0,No Special Jurisdiction,12,12,42.393,42.393,-82.9832,-82.9832,12,Motor Vehicle In-Transport,2,Front-to-Front,0,No,2,Intersection,2,Four-Way Intersection,1,On Roadway,0,None,3,Dark - Lighted,1,Clear,0,No,0000000,Not Applicable,99,Unknown,99,Unknown,99,Unknown EMS Scene Arrival Hour,99,Unknown EMS Scene Arrival Minutes,99,Unknown,99,Unknown EMS Hospital Arrival Time,1
26,Michigan,260956,0,0,1,1,0,3,3,61,HOUGHTON (61),0,NOT APPLICABLE,11,November,4,4,6,Friday,2022,2,2:00am-2:59am,30,30,CR-5TH ST,WILSON MEMORIAL DR,4,County Road,2,Urban,7,Local,2,County Highway Agency,0,This section IS NOT on the NHS,0,No Special Jurisdiction,48,48,47.02553889,47.02553889,-88.52531389,-88.52531389,42,Tree (Standing Only),0,The First Harmful Event was Not a Collision with a Motor Vehicle in Transport,0,No,3,Intersection-Related,3,T-Intersection,4,On Roadside,0,None,2,Dark - Not Lighted,2,Rain,0,No,0000000,Not Applicable,2,2:00am-2:59am,31,31,2,2:00am-2:59am,53,53,99,Unknown,99,Unknown EMS Hospital Arrival Time,2
26,Michigan,260957,0,0,2,2,0,2,2,161,WASHTENAW (161),0,NOT APPLICABLE,11,November,9,9,4,Wednesday,2022,18,6:00pm-6:59pm,45,45,I-94,NA,1,Interstate,2,Urban,1,Interstate,1,State Highway Agency,1,This section IS ON the NHS,0,No Special Jurisdiction,162,162,42.28875278,42.28875278,-83.81970556,-83.81970556,12,Motor Vehicle In-Transport,7,Sideswipe - Same Direction,0,No,1,Non-Junction,1,Not an Intersection,1,On Roadway,0,None,2,Dark - Not Lighted,1,Clear,0,No,0000000,Not Applicable,99,Unknown,99,Unknown,99,Unknown EMS Scene Arrival Hour,99,Unknown EMS Scene Arrival Minutes,88,Not Applicable (Not Transported),88,Not Applicable (Not Transported),1
26,Michigan,260958,1,1,1,1,0,1,1,125,OAKLAND (125),4567,SOUTHFIELD,12,December,4,4,1,Sunday,2022,1,1:00am-1:59am,30,30,US-24 TELEGRAPH RD,NA,2,US Highway,2,Urban,3,Principal Arterial - Other,1,State Highway Agency,1,This section IS ON the NHS,0,No Special Jurisdiction,25,25,42.47862222,42.47862222,-83.28498889,-83.28498889,8,Pedestrian,0,The First Harmful Event was Not a Collision with a Motor Vehicle in Transport,0,No,1,Non-Junction,1,Not an Intersection,1,On Roadway,0,None,2,Dark - Not Lighted,10,Cloudy,0,No,0000000,Not Applicable,99,Unknown,99,Unknown,99,Unknown EMS Scene Arrival Hour,99,Unknown EMS Scene Arrival Minutes,88,Not Applicable (Not Transported),88,Not Applicable (Not Transported),1
26,Michigan,260959,1,1,1,1,0,1,1,99,MACOMB (99),1009,CLINTON TOWNSHIP,12,December,29,29,5,Thursday,2022,23,11:00pm-11:59pm,45,45,CR-METROPOLITAN RD,GARFIELD PKWY,4,County Road,2,Urban,3,Principal Arterial - Other,2,County Highway Agency,1,This section IS ON the NHS,0,No Special Jurisdiction,70,70,42.56800278,42.56800278,-82.951075,-82.951075,8,Pedestrian,0,The First Harmful Event was Not a Collision with a Motor Vehicle in Transport,0,No,3,Intersection-Related,2,Four-Way Intersection,1,On Roadway,0,None,3,Dark - Lighted,10,Cloudy,0,No,0000000,Not Applicable,99,Unknown,99,Unknown,99,Unknown EMS Scene Arrival Hour,99,Unknown EMS Scene Arrival Minutes,99,Unknown,99,Unknown EMS Hospital Arrival Time,1
26,Michigan,260960,0,0,2,2,0,2,2,163,WAYNE (163),1260,DETROIT,7,July,31,31,1,Sunday,2022,1,1:00am-1:59am,20,20,HUBBELL AVE,JOY RD,6,Local Street - Municipality,2,Urban,4,Minor Arterial,4,City or Municipal Highway Agency,0,This section IS NOT on the NHS,0,No Special Jurisdiction,5,5,42.35840278,42.35840278,-83.18728333,-83.18728333,12,Motor Vehicle In-Transport,6,Angle,0,No,2,Intersection,2,Four-Way Intersection,1,On Roadway,0,None,3,Dark - Lighted,1,Clear,0,No,0000000,Not Applicable,99,Unknown,99,Unknown,99,Unknown EMS Scene Arrival Hour,99,Unknown EMS Scene Arrival Minutes,88,Not Applicable (Not Transported),88,Not Applicable (Not Transported),1
26,Michigan,260961,0,0,3,3,0,3,3,163,WAYNE (163),4295,ROMULUS,9,September,20,20,3,Tuesday,2022,18,6:00pm-6:59pm,4,4,CR-MERRIMAN RD,NA,4,County Road,2,Urban,3,Principal Arterial - Other,2,County Highway Agency,1,This section IS ON the NHS,0,No Special Jurisdiction,16,16,42.24329722,42.24329722,-83.34577222,-83.34577222,12,Motor Vehicle In-Transport,7,Sideswipe - Same Direction,0,No,1,Non-Junction,1,Not an Intersection,1,On Roadway,0,None,1,Daylight,10,Cloudy,0,No,0000000,Not Applicable,18,6:00pm-6:59pm,5,5,18,6:00pm-6:59pm,12,12,99,Unknown,99,Unknown EMS Hospital Arrival Time,1
26,Michigan,260962,0,0,1,1,0,1,1,45,EATON (45),0,NOT APPLICABLE,12,December,29,29,5,Thursday,2022,21,9:00pm-9:59pm,55,55,SR-50/99 S CLINTON TR,NA,3,State Highway,1,Rural,4,Minor Arterial,1,State Highway Agency,0,This section IS NOT on the NHS,0,No Special Jurisdiction,19,19,42.449,42.449,-84.65030278,-84.65030278,42,Tree (Standing Only),0,The First Harmful Event was Not a Collision with a Motor Vehicle in Transport,0,No,1,Non-Junction,1,Not an Intersection,4,On Roadside,0,None,2,Dark - Not Lighted,1,Clear,0,No,0000000,Not Applicable,21,9:00pm-9:59pm,58,58,22,10:00pm-10:59pm,12,12,99,Unknown,99,Unknown EMS Hospital Arrival Time,1
26,Michigan,260963,0,0,2,2,0,3,3,163,WAYNE (163),1260,DETROIT,12,December,28,28,4,Wednesday,2022,13,1:00pm-1:59pm,30,30,SR-3 GRATIOT AVE,VAN DYKE,3,State Highway,2,Urban,3,Principal Arterial - Other,1,State Highway Agency,1,This section IS ON the NHS,0,No Special Jurisdiction,39,39,42.37901667,42.37901667,-83.014725,-83.014725,12,Motor Vehicle In-Transport,6,Angle,0,No,2,Intersection,2,Four-Way Intersection,1,On Roadway,0,None,1,Daylight,1,Clear,0,No,0000000,Not Applicable,99,Unknown,99,Unknown,99,Unknown EMS Scene Arrival Hour,99,Unknown EMS Scene Arrival Minutes,99,Unknown,99,Unknown EMS Hospital Arrival Time,1
26,Michigan,260964,0,0,2,2,0,3,3,137,OTSEGO (137),0,NOT APPLICABLE,12,December,15,15,5,Thursday,2022,10,10:00am-10:59am,0,0,CR-MANCELONA RD,NA,4,County Road,1,Rural,4,Minor Arterial,2,County Highway Agency,0,This section IS NOT on the NHS,0,No Special Jurisdiction,52,52,44.90098611,44.90098611,-84.74481667,-84.74481667,12,Motor Vehicle In-Transport,2,Front-to-Front,0,No,1,Non-Junction,1,Not an Intersection,1,On Roadway,0,None,1,Daylight,1,Clear,0,No,0000000,Not Applicable,99,Unknown,99,Unknown,99,Unknown EMS Scene Arrival Hour,99,Unknown EMS Scene Arrival Minutes,99,Unknown,99,Unknown EMS Hospital Arrival Time,2
26,Michigan,260965,0,0,1,1,0,1,1,71,IRON (71),0,NOT APPLICABLE,12,December,13,13,3,Tuesday,2022,11,11:00am-11:59am,34,34,US-2,NA,2,US Highway,1,Rural,3,Principal Arterial - Other,1,State Highway Agency,1,This section IS ON the NHS,0,No Special Jurisdiction,92,92,45.97596944,45.97596944,-88.31620833,-88.31620833,1,Rollover/Overturn,0,The First Harmful Event was Not a Collision with a Motor Vehicle in Transport,0,No,1,Non-Junction,1,Not an Intersection,4,On Roadside,0,None,1,Daylight,10,Cloudy,0,No,0000000,Not Applicable,11,11:00am-11:59am,40,40,11,11:00am-11:59am,48,48,88,Not Applicable (Not Transported),88,Not Applicable (Not Transported),1
26,Michigan,260966,0,0,1,1,0,1,1,163,WAYNE (163),1260,DETROIT,12,December,22,22,5,Thursday,2022,1,1:00am-1:59am,40,40,W GRAND BLVD,NA,6,Local Street - Municipality,2,Urban,4,Minor Arterial,4,City or Municipal Highway Agency,0,This section IS NOT on the NHS,0,No Special Jurisdiction,17,17,42.36013333,42.36013333,-83.10048889,-83.10048889,33,Curb,0,The First Harmful Event was Not a Collision with a Motor Vehicle in Transport,0,No,1,Non-Junction,1,Not an Intersection,3,On Median,0,None,3,Dark - Lighted,1,Clear,0,No,0000000,Not Applicable,99,Unknown,99,Unknown,99,Unknown EMS Scene Arrival Hour,99,Unknown EMS Scene Arrival Minutes,88,Not Applicable (Not Transported),88,Not Applicable (Not Transported),1
26,Michigan,260967,1,1,1,1,0,1,1,145,SAGINAW (145),4350,SAGINAW,12,December,30,30,6,Friday,2022,17,5:00pm-5:59pm,49,49,SR-46 GRATIOT AVE,NA,3,State Highway,2,Urban,3,Principal Arterial - Other,1,State Highway Agency,1,This section IS ON the NHS,0,No Special Jurisdiction,198,198,43.41499444,43.41499444,-83.97695833,-83.97695833,8,Pedestrian,0,The First Harmful Event was Not a Collision with a Motor Vehicle in Transport,0,No,1,Non-Junction,1,Not an Intersection,1,On Roadway,0,None,3,Dark - Lighted,2,Rain,0,No,0000000,Not Applicable,99,Unknown,99,Unknown,99,Unknown EMS Scene Arrival Hour,99,Unknown EMS Scene Arrival Minutes,88,Not Applicable (Not Transported),88,Not Applicable (Not Transported),1
26,Michigan,260968,1,1,1,1,0,1,1,99,MACOMB (99),3390,MOUNT CLEMENS,10,October,19,19,4,Wednesday,2022,21,9:00pm-9:59pm,49,49,DICKINSON ST,NA,6,Local Street - Municipality,2,Urban,4,Minor Arterial,4,City or Municipal Highway Agency,0,This section IS NOT on the NHS,0,No Special Jurisdiction,7,7,42.59706667,42.59706667,-82.87409444,-82.87409444,8,Pedestrian,0,The First Harmful Event was Not a Collision with a Motor Vehicle in Transport,0,No,1,Non-Junction,1,Not an Intersection,1,On Roadway,0,None,2,Dark - Not Lighted,1,Clear,0,No,0000000,Not Applicable,99,Unknown,99,Unknown,99,Unknown EMS Scene Arrival Hour,99,Unknown EMS Scene Arrival Minutes,88,Not Applicable (Not Transported),88,Not Applicable (Not Transported),1
26,Michigan,260970,1,1,1,1,0,1,1,99,MACOMB (99),4731,STERLING HEIGHTS,11,November,2,2,4,Wednesday,2022,19,7:00pm-7:59pm,24,24,CR-18 MILE RD,RYAN RD,4,County Road,2,Urban,3,Principal Arterial - Other,2,County Highway Agency,1,This section IS ON the NHS,0,No Special Jurisdiction,9,9,42.59365556,42.59365556,-83.07104444,-83.07104444,8,Pedestrian,0,The First Harmful Event was Not a Collision with a Motor Vehicle in Transport,0,No,3,Intersection-Related,2,Four-Way Intersection,1,On Roadway,0,None,2,Dark - Not Lighted,1,Clear,0,No,0000000,Not Applicable,99,Unknown,99,Unknown,99,Unknown EMS Scene Arrival Hour,99,Unknown EMS Scene Arrival Minutes,99,Unknown,99,Unknown EMS Hospital Arrival Time,1
26,Michigan,260971,0,0,2,2,0,7,7,49,GENESEE (49),1730,FLINT,11,November,6,6,1,Sunday,2022,2,2:00am-2:59am,5,5,SAGINAW ST,STEWART AVE,6,Local Street - Municipality,2,Urban,3,Principal Arterial - Other,4,City or Municipal Highway Agency,1,This section IS ON the NHS,0,No Special Jurisdiction,141,141,43.05430278,43.05430278,-83.69370556,-83.69370556,12,Motor Vehicle In-Transport,6,Angle,0,No,2,Intersection,2,Four-Way Intersection,1,On Roadway,0,None,3,Dark - Lighted,1,Clear,0,No,0000000,Not Applicable,2,2:00am-2:59am,6,6,2,2:00am-2:59am,11,11,99,Unknown,99,Unknown EMS Hospital Arrival Time,1
26,Michigan,260972,0,0,2,2,0,3,3,163,WAYNE (163),1260,DETROIT,12,December,22,22,5,Thursday,2022,9,9:00am-9:59am,30,30,SR-3 GRATIOTA AVE,ST PATRICK ST,3,State Highway,2,Urban,3,Principal Arterial - Other,1,State Highway Agency,1,This section IS ON the NHS,0,No Special Jurisdiction,66,66,42.41320278,42.41320278,-82.99222222,-82.99222222,12,Motor Vehicle In-Transport,2,Front-to-Front,0,No,2,Intersection,4,Y-Intersection,1,On Roadway,0,None,1,Daylight,1,Clear,0,No,0000000,Not Applicable,99,Unknown,99,Unknown,99,Unknown EMS Scene Arrival Hour,99,Unknown EMS Scene Arrival Minutes,99,Unknown,99,Unknown EMS Hospital Arrival Time,2
26,Michigan,260973,1,1,1,1,0,1,1,49,GENESEE (49),1730,FLINT,12,December,31,31,7,Saturday,2022,2,2:00am-2:59am,30,30,SR-21 E 5TH ST,S SAGINAW ST,3,State Highway,2,Urban,3,Principal Arterial - Other,1,State Highway Agency,1,This section IS ON the NHS,0,No Special Jurisdiction,3,3,43.01153333,43.01153333,-83.687075,-83.687075,8,Pedestrian,0,The First Harmful Event was Not a Collision with a Motor Vehicle in Transport,0,No,3,Intersection-Related,2,Four-Way Intersection,1,On Roadway,0,None,3,Dark - Lighted,2,Rain,0,No,0000000,Not Applicable,2,2:00am-2:59am,30,30,2,2:00am-2:59am,34,34,88,Not Applicable (Not Transported),88,Not Applicable (Not Transported),1
26,Michigan,260974,0,0,1,1,0,2,2,149,ST JOSEPH (149),0,NOT APPLICABLE,11,November,15,15,3,Tuesday,2022,19,7:00pm-7:59pm,1,1,CR-RIVER RD,NA,4,County Road,1,Rural,6,Minor Collector,2,County Highway Agency,0,This section IS NOT on the NHS,0,No Special Jurisdiction,36,36,41.82822778,41.82822778,-85.70510556,-85.70510556,42,Tree (Standing Only),0,The First Harmful Event was Not a Collision with a Motor Vehicle in Transport,0,No,1,Non-Junction,1,Not an Intersection,4,On Roadside,0,None,2,Dark - Not Lighted,4,Snow,0,No,0000000,Not Applicable,19,7:00pm-7:59pm,1,1,19,7:00pm-7:59pm,22,22,88,Not Applicable (Not Transported),88,Not Applicable (Not Transported),1
26,Michigan,260975,1,1,1,1,0,1,1,65,INGHAM (65),0,NOT APPLICABLE,11,November,21,21,2,Monday,2022,20,8:00pm-8:59pm,35,35,SR-43 GRAND RIVER AVE,NA,3,State Highway,2,Urban,3,Principal Arterial - Other,1,State Highway Agency,1,This section IS ON the NHS,0,No Special Jurisdiction,57,57,42.727025,42.727025,-84.45354722,-84.45354722,8,Pedestrian,0,The First Harmful Event was Not a Collision with a Motor Vehicle in Transport,0,No,1,Non-Junction,1,Not an Intersection,1,On Roadway,0,None,3,Dark - Lighted,1,Clear,0,No,0000000,Not Applicable,20,8:00pm-8:59pm,35,35,20,8:00pm-8:59pm,40,40,99,Unknown,99,Unknown EMS Hospital Arrival Time,1
26,Michigan,260976,1,1,1,1,0,1,1,49,GENESEE (49),1730,FLINT,12,December,3,3,7,Saturday,2022,2,2:00am-2:59am,51,51,DUPONT ST,MACKIN RD,6,Local Street - Municipality,2,Urban,4,Minor Arterial,4,City or Municipal Highway Agency,0,This section IS NOT on the NHS,0,No Special Jurisdiction,8,8,43.024675,43.024675,-83.712875,-83.712875,8,Pedestrian,0,The First Harmful Event was Not a Collision with a Motor Vehicle in Transport,0,No,3,Intersection-Related,3,T-Intersection,1,On Roadway,0,None,3,Dark - Lighted,1,Clear,0,No,0000000,Not Applicable,2,2:00am-2:59am,51,51,2,2:00am-2:59am,51,51,99,Unknown,99,Unknown EMS Hospital Arrival Time,1
26,Michigan,260977,0,0,1,1,0,1,1,65,INGHAM (65),2700,LANSING,12,December,10,10,7,Saturday,2022,15,3:00pm-3:59pm,25,25,SR-96 CEDAR ST,ROUSE ST,3,State Highway,2,Urban,3,Principal Arterial - Other,1,State Highway Agency,1,This section IS ON the NHS,0,No Special Jurisdiction,84,84,42.69430833,42.69430833,-84.54793333,-84.54793333,30,Utility Pole/Light Support,0,The First Harmful Event was Not a Collision with a Motor Vehicle in Transport,0,No,3,Intersection-Related,3,T-Intersection,4,On Roadside,0,None,1,Daylight,1,Clear,0,No,0000000,Not Applicable,15,3:00pm-3:59pm,25,25,15,3:00pm-3:59pm,27,27,99,Unknown,99,Unknown EMS Hospital Arrival Time,1
26,Michigan,260978,0,0,2,2,0,2,2,163,WAYNE (163),1210,DEARBORN,12,December,26,26,2,Monday,2022,8,8:00am-8:59am,41,41,US-23 MICHIGAN AVE,GULLEY RD,2,US Highway,2,Urban,3,Principal Arterial - Other,1,State Highway Agency,1,This section IS ON the NHS,0,No Special Jurisdiction,139,139,42.29745833,42.29745833,-83.28569167,-83.28569167,12,Motor Vehicle In-Transport,6,Angle,0,No,2,Intersection,2,Four-Way Intersection,1,On Roadway,0,None,1,Daylight,1,Clear,0,No,0000000,Not Applicable,8,8:00am-8:59am,42,42,8,8:00am-8:59am,47,47,88,Not Applicable (Not Transported),88,Not Applicable (Not Transported),1
26,Michigan,260979,0,0,1,1,0,1,1,31,CHEBOYGAN (31),0,NOT APPLICABLE,12,December,12,12,2,Monday,2022,20,8:00pm-8:59pm,7,7,CR-BLACK RIVER RD,NA,4,County Road,1,Rural,5,Major Collector,2,County Highway Agency,0,This section IS NOT on the NHS,0,No Special Jurisdiction,134,134,45.41959167,45.41959167,-84.28850556,-84.28850556,35,Embankment,0,The First Harmful Event was Not a Collision with a Motor Vehicle in Transport,0,No,1,Non-Junction,1,Not an Intersection,4,On Roadside,0,None,2,Dark - Not Lighted,10,Cloudy,0,No,0000000,Not Applicable,99,Unknown,99,Unknown,99,Unknown EMS Scene Arrival Hour,99,Unknown EMS Scene Arrival Minutes,88,Not Applicable (Not Transported),88,Not Applicable (Not Transported),1
26,Michigan,260980,0,0,1,1,0,1,1,27,CASS (27),0,NOT APPLICABLE,12,December,28,28,4,Wednesday,2022,19,7:00pm-7:59pm,49,49,CR-BERTRAND ST,NA,4,County Road,1,Rural,5,Major Collector,2,County Highway Agency,0,This section IS NOT on the NHS,0,No Special Jurisdiction,9,9,41.77636111,41.77636111,-86.20738889,-86.20738889,42,Tree (Standing Only),0,The First Harmful Event was Not a Collision with a Motor Vehicle in Transport,0,No,1,Non-Junction,1,Not an Intersection,4,On Roadside,0,None,2,Dark - Not Lighted,10,Cloudy,0,No,0000000,Not Applicable,19,7:00pm-7:59pm,44,44,19,7:00pm-7:59pm,48,48,88,Not Applicable (Not Transported),88,Not Applicable (Not Transported),1
26,Michigan,260981,1,1,1,1,0,1,1,103,MARQUETTE (103),3050,MARQUETTE,12,December,27,27,3,Tuesday,2022,20,8:00pm-8:59pm,7,7,US-41,MCCLELLAN AVE,2,US Highway,2,Urban,3,Principal Arterial - Other,1,State Highway Agency,1,This section IS ON the NHS,0,No Special Jurisdiction,14,14,46.54346944,46.54346944,-87.42005556,-87.42005556,8,Pedestrian,0,The First Harmful Event was Not a Collision with a Motor Vehicle in Transport,0,No,3,Intersection-Related,2,Four-Way Intersection,1,On Roadway,0,None,3,Dark - Lighted,2,Rain,0,No,0000000,Not Applicable,99,Unknown,99,Unknown,99,Unknown EMS Scene Arrival Hour,99,Unknown EMS Scene Arrival Minutes,88,Not Applicable (Not Transported),88,Not Applicable (Not Transported),1
26,Michigan,260982,1,1,1,1,0,1,1,163,WAYNE (163),1210,DEARBORN,12,December,17,17,7,Saturday,2022,17,5:00pm-5:59pm,16,16,SR-153 FORD RD,NA,3,State Highway,2,Urban,3,Principal Arterial - Other,1,State Highway Agency,1,This section IS ON the NHS,0,No Special Jurisdiction,46,46,42.32958333,42.32958333,-83.17481111,-83.17481111,8,Pedestrian,0,The First Harmful Event was Not a Collision with a Motor Vehicle in Transport,0,No,1,Non-Junction,1,Not an Intersection,1,On Roadway,0,None,5,Dusk,1,Clear,0,No,0000000,Not Applicable,99,Unknown,99,Unknown,99,Unknown EMS Scene Arrival Hour,99,Unknown EMS Scene Arrival Minutes,99,Unknown,99,Unknown EMS Hospital Arrival Time,1
26,Michigan,260983,0,0,1,1,0,1,1,157,TUSCOLA (157),0,NOT APPLICABLE,2,February,6,6,1,Sunday,2022,17,5:00pm-5:59pm,20,20,CR-CARTWRIGHT RD,NA,4,County Road,1,Rural,7,Local,2,County Highway Agency,0,This section IS NOT on the NHS,0,No Special Jurisdiction,8,8,43.37689167,43.37689167,-83.16945,-83.16945,5,Fell/Jumped from Vehicle,0,The First Harmful Event was Not a Collision with a Motor Vehicle in Transport,0,No,1,Non-Junction,1,Not an Intersection,1,On Roadway,0,None,1,Daylight,1,Clear,0,No,0000000,Not Applicable,99,Unknown,99,Unknown,99,Unknown EMS Scene Arrival Hour,99,Unknown EMS Scene Arrival Minutes,99,Unknown,99,Unknown EMS Hospital Arrival Time,1
26,Michigan,260984,0,0,1,1,0,1,1,125,OAKLAND (125),1652,FARMINGTON HILLS,2,February,17,17,5,Thursday,2022,7,7:00am-7:59am,40,40,CR-TEN MILE RD,NA,4,County Road,2,Urban,4,Minor Arterial,2,County Highway Agency,0,This section IS NOT on the NHS,0,No Special Jurisdiction,10,10,42.47035556,42.47035556,-83.35498333,-83.35498333,42,Tree (Standing Only),0,The First Harmful Event was Not a Collision with a Motor Vehicle in Transport,0,No,1,Non-Junction,1,Not an Intersection,4,On Roadside,0,None,4,Dawn,2,Rain,0,No,0000000,Not Applicable,99,Unknown,99,Unknown,99,Unknown EMS Scene Arrival Hour,99,Unknown EMS Scene Arrival Minutes,99,Unknown,99,Unknown EMS Hospital Arrival Time,1
26,Michigan,260985,0,0,4,4,0,5,5,81,KENT (81),2010,GRAND RAPIDS,2,February,19,19,7,Saturday,2022,14,2:00pm-2:59pm,26,26,EASTERN AVE SE,28TH ST SE,6,Local Street - Municipality,2,Urban,4,Minor Arterial,4,City or Municipal Highway Agency,0,This section IS NOT on the NHS,0,No Special Jurisdiction,105,105,42.91259167,42.91259167,-85.64699444,-85.64699444,12,Motor Vehicle In-Transport,1,Front-to-Rear,0,No,3,Intersection-Related,2,Four-Way Intersection,1,On Roadway,0,None,1,Daylight,10,Cloudy,0,No,0000000,Not Applicable,99,Unknown,99,Unknown,99,Unknown EMS Scene Arrival Hour,99,Unknown EMS Scene Arrival Minutes,99,Unknown,99,Unknown EMS Hospital Arrival Time,1
26,Michigan,260986,1,1,1,1,0,1,1,163,WAYNE (163),4975,VAN BOWEN,12,December,13,13,3,Tuesday,2022,20,8:00pm-8:59pm,0,0,I-94,NA,1,Interstate,2,Urban,1,Interstate,1,State Highway Agency,1,This section IS ON the NHS,0,No Special Jurisdiction,55,55,42.22048056,42.22048056,-83.43888889,-83.43888889,8,Pedestrian,0,The First Harmful Event was Not a Collision with a Motor Vehicle in Transport,0,No,1,Non-Junction,1,Not an Intersection,1,On Roadway,0,None,2,Dark - Not Lighted,1,Clear,0,No,0000000,Not Applicable,99,Unknown,98,Unknown if Notified,99,Unknown EMS Scene Arrival Hour,98,Unknown if Arrived,88,Not Applicable (Not Transported),88,Not Applicable (Not Transported),1
26,Michigan,260987,0,0,2,2,0,2,2,161,WASHTENAW (161),3582,NORTHFIELD TOWNSHIP,12,December,16,16,6,Friday,2022,17,5:00pm-5:59pm,17,17,CR-JOY RD,NA,4,County Road,1,Rural,7,Local,2,County Highway Agency,0,This section IS NOT on the NHS,0,No Special Jurisdiction,28,28,42.34510556,42.34510556,-83.694525,-83.694525,12,Motor Vehicle In-Transport,2,Front-to-Front,0,No,1,Non-Junction,1,Not an Intersection,1,On Roadway,0,None,5,Dusk,4,Snow,0,No,0000000,Not Applicable,99,Unknown,99,Unknown,99,Unknown EMS Scene Arrival Hour,99,Unknown EMS Scene Arrival Minutes,88,Not Applicable (Not Transported),88,Not Applicable (Not Transported),1
26,Michigan,260988,0,0,1,1,0,1,1,77,KALAMAZOO (77),1084,COMSTOCK,3,March,17,17,5,Thursday,2022,13,1:00pm-1:59pm,55,55,CR-N 33RD ST,NA,4,County Road,2,Urban,4,Minor Arterial,2,County Highway Agency,0,This section IS NOT on the NHS,0,No Special Jurisdiction,30,30,42.33129167,42.33129167,-85.44718889,-85.44718889,34,Ditch,0,The First Harmful Event was Not a Collision with a Motor Vehicle in Transport,0,No,1,Non-Junction,1,Not an Intersection,4,On Roadside,0,None,1,Daylight,1,Clear,0,No,0000000,Not Applicable,99,Unknown,99,Unknown,99,Unknown EMS Scene Arrival Hour,99,Unknown EMS Scene Arrival Minutes,99,Unknown,99,Unknown EMS Hospital Arrival Time,1
26,Michigan,260989,1,1,1,1,0,1,1,49,GENESEE (49),1731,FLINT TOWNSHIP,12,December,20,20,3,Tuesday,2022,18,6:00pm-6:59pm,21,21,SR-21 CORUNNA RD,NA,3,State Highway,2,Urban,3,Principal Arterial - Other,1,State Highway Agency,1,This section IS ON the NHS,0,No Special Jurisdiction,93,93,43.00216944,43.00216944,-83.74508056,-83.74508056,8,Pedestrian,0,The First Harmful Event was Not a Collision with a Motor Vehicle in Transport,0,No,8,Driveway Access Related,1,Not an Intersection,1,On Roadway,0,None,2,Dark - Not Lighted,1,Clear,0,No,0000000,Not Applicable,99,Unknown,98,Unknown if Notified,99,Unknown EMS Scene Arrival Hour,98,Unknown if Arrived,88,Not Applicable (Not Transported),88,Not Applicable (Not Transported),1
26,Michigan,260990,0,0,1,1,0,1,1,125,OAKLAND (125),0,NOT APPLICABLE,12,December,26,26,2,Monday,2022,0,0:00am-0:59am,28,28,COMMERCE RD,NA,6,Local Street - Municipality,2,Urban,4,Minor Arterial,4,City or Municipal Highway Agency,0,This section IS NOT on the NHS,0,No Special Jurisdiction,36,36,42.59263333,42.59263333,-83.61480833,-83.61480833,59,Traffic Sign Support,0,The First Harmful Event was Not a Collision with a Motor Vehicle in Transport,0,No,1,Non-Junction,1,Not an Intersection,4,On Roadside,0,None,2,Dark - Not Lighted,4,Snow,0,No,0000000,Not Applicable,99,Unknown,99,Unknown,99,Unknown EMS Scene Arrival Hour,99,Unknown EMS Scene Arrival Minutes,88,Not Applicable (Not Transported),88,Not Applicable (Not Transported),1
26,Michigan,260991,0,0,1,1,0,1,1,55,GRAND TRAVERSE (55),0,NOT APPLICABLE,12,December,22,22,5,Thursday,2022,11,11:00am-11:59am,14,14,CR-HIGH LAKE RD,NA,4,County Road,1,Rural,7,Local,2,County Highway Agency,0,This section IS NOT on the NHS,0,No Special Jurisdiction,9,9,44.69676111,44.69676111,-85.51636389,-85.51636389,34,Ditch,0,The First Harmful Event was Not a Collision with a Motor Vehicle in Transport,0,No,1,Non-Junction,1,Not an Intersection,4,On Roadside,0,None,1,Daylight,1,Clear,0,No,0000000,Not Applicable,11,11:00am-11:59am,20,20,11,11:00am-11:59am,22,22,99,Unknown,99,Unknown EMS Hospital Arrival Time,1
26,Michigan,260992,0,0,1,1,0,1,1,99,MACOMB (99),5110,WARREN,3,March,21,21,2,Monday,2022,16,4:00pm-4:59pm,25,25,THOMAS AVE,NA,6,Local Street - Municipality,2,Urban,7,Local,4,City or Municipal Highway Agency,0,This section IS NOT on the NHS,0,No Special Jurisdiction,2,2,42.46446389,42.46446389,-83.06954167,-83.06954167,42,Tree (Standing Only),0,The First Harmful Event was Not a Collision with a Motor Vehicle in Transport,0,No,1,Non-Junction,1,Not an Intersection,4,On Roadside,0,None,1,Daylight,1,Clear,0,No,0000000,Not Applicable,99,Unknown,99,Unknown,99,Unknown EMS Scene Arrival Hour,99,Unknown EMS Scene Arrival Minutes,99,Unknown,99,Unknown EMS Hospital Arrival Time,1
26,Michigan,260993,0,0,1,1,0,1,1,77,KALAMAZOO (77),4200,RICHLAND,4,April,16,16,7,Saturday,2022,10,10:00am-10:59am,28,28,SR-43,W GULL LAKE DR,3,State Highway,1,Rural,4,Minor Arterial,1,State Highway Agency,0,This section IS NOT on the NHS,0,No Special Jurisdiction,9,9,42.41478889,42.41478889,-85.43794444,-85.43794444,42,Tree (Standing Only),0,The First Harmful Event was Not a Collision with a Motor Vehicle in Transport,0,No,3,Intersection-Related,4,Y-Intersection,4,On Roadside,0,None,1,Daylight,1,Clear,0,No,0000000,Not Applicable,99,Unknown,99,Unknown,99,Unknown EMS Scene Arrival Hour,99,Unknown EMS Scene Arrival Minutes,99,Unknown,99,Unknown EMS Hospital Arrival Time,1
26,Michigan,260994,0,0,1,1,0,1,1,99,MACOMB (99),5110,WARREN,10,October,29,29,7,Saturday,2022,1,1:00am-1:59am,15,15,HOOVER RD,NA,6,Local Street - Municipality,2,Urban,4,Minor Arterial,4,City or Municipal Highway Agency,0,This section IS NOT on the NHS,0,No Special Jurisdiction,30,30,42.49286944,42.49286944,-83.00643611,-83.00643611,30,Utility Pole/Light Support,0,The First Harmful Event was Not a Collision with a Motor Vehicle in Transport,0,No,1,Non-Junction,1,Not an Intersection,4,On Roadside,0,None,3,Dark - Lighted,1,Clear,0,No,0000000,Not Applicable,99,Unknown,99,Unknown,99,Unknown EMS Scene Arrival Hour,99,Unknown EMS Scene Arrival Minutes,99,Unknown,99,Unknown EMS Hospital Arrival Time,1
26,Michigan,260995,0,0,2,2,0,2,2,163,WAYNE (163),1210,DEARBORN,4,April,24,24,1,Sunday,2022,15,3:00pm-3:59pm,27,27,SR-39 SOUTHFIELD FWY,NA,3,State Highway,2,Urban,2,Principal Arterial - Other Freeways and Expressways,1,State Highway Agency,1,This section IS ON the NHS,0,No Special Jurisdiction,63,63,42.31238611,42.31238611,-83.21508333,-83.21508333,59,Traffic Sign Support,0,The First Harmful Event was Not a Collision with a Motor Vehicle in Transport,0,No,1,Non-Junction,1,Not an Intersection,4,On Roadside,1,Construction,1,Daylight,10,Cloudy,0,No,0000000,Not Applicable,99,Unknown,99,Unknown,99,Unknown EMS Scene Arrival Hour,99,Unknown EMS Scene Arrival Minutes,99,Unknown,99,Unknown EMS Hospital Arrival Time,1
26,Michigan,260996,1,1,1,1,0,1,1,99,MACOMB (99),5110,WARREN,5,May,1,1,1,Sunday,2022,5,5:00am-5:59am,3,3,SR-102 8 MILE RD,NA,3,State Highway,2,Urban,3,Principal Arterial - Other,1,State Highway Agency,1,This section IS ON the NHS,0,No Special Jurisdiction,33,33,42.44864444,42.44864444,-83.01970556,-83.01970556,8,Pedestrian,0,The First Harmful Event was Not a Collision with a Motor Vehicle in Transport,0,No,1,Non-Junction,1,Not an Intersection,1,On Roadway,0,None,3,Dark - Lighted,2,Rain,0,No,0000000,Not Applicable,99,Unknown,99,Unknown,99,Unknown EMS Scene Arrival Hour,99,Unknown EMS Scene Arrival Minutes,88,Not Applicable (Not Transported),88,Not Applicable (Not Transported),1
26,Michigan,260997,0,0,4,4,0,7,7,77,KALAMAZOO (77),3727,OSHTEMO,5,May,16,16,2,Monday,2022,14,2:00pm-2:59pm,40,40,CR-S 9TH ST,QUAIL RUN DR,4,County Road,2,Urban,3,Principal Arterial - Other,2,County Highway Agency,1,This section IS ON the NHS,0,No Special Jurisdiction,31,31,42.27563333,42.27563333,-85.67753333,-85.67753333,12,Motor Vehicle In-Transport,1,Front-to-Rear,0,No,3,Intersection-Related,2,Four-Way Intersection,1,On Roadway,0,None,1,Daylight,1,Clear,0,No,0000000,Not Applicable,99,Unknown,99,Unknown,99,Unknown EMS Scene Arrival Hour,99,Unknown EMS Scene Arrival Minutes,99,Unknown,99,Unknown EMS Hospital Arrival Time,1
26,Michigan,260998,0,0,2,2,0,2,2,149,ST JOSEPH (149),0,NOT APPLICABLE,12,December,6,6,3,Tuesday,2022,12,12:00pm-12:59pm,1,1,US-12,NA,2,US Highway,1,Rural,4,Minor Arterial,1,State Highway Agency,0,This section IS NOT on the NHS,0,No Special Jurisdiction,20,20,41.79708611,41.79708611,-85.72236389,-85.72236389,12,Motor Vehicle In-Transport,2,Front-to-Front,0,No,1,Non-Junction,1,Not an Intersection,1,On Roadway,0,None,1,Daylight,10,Cloudy,0,No,0000000,Not Applicable,12,12:00pm-12:59pm,1,1,12,12:00pm-12:59pm,11,11,99,Unknown,99,Unknown EMS Hospital Arrival Time,1
26,Michigan,260999,0,0,1,1,0,1,1,93,LIVINGSTON (93),2211,HARTLAND,12,December,16,16,6,Friday,2022,20,8:00pm-8:59pm,10,10,US-23,NA,2,US Highway,2,Urban,2,Principal Arterial - Other Freeways and Expressways,1,State Highway Agency,1,This section IS ON the NHS,0,No Special Jurisdiction,146,146,42.63300833,42.63300833,-83.749025,-83.749025,57,Cable Barrier,0,The First Harmful Event was Not a Collision with a Motor Vehicle in Transport,0,No,1,Non-Junction,1,Not an Intersection,3,On Median,0,None,2,Dark - Not Lighted,4,Snow,0,No,0000000,Not Applicable,20,8:00pm-8:59pm,10,10,20,8:00pm-8:59pm,16,16,88,Not Applicable (Not Transported),88,Not Applicable (Not Transported),1
26,Michigan,261000,0,0,1,1,0,1,1,139,OTTAWA (139),2290,HOLLAND,5,May,19,19,5,Thursday,2022,13,1:00pm-1:59pm,15,15,PAW PAW DR,NA,6,Local Street - Municipality,2,Urban,4,Minor Arterial,4,City or Municipal Highway Agency,0,This section IS NOT on the NHS,0,No Special Jurisdiction,3,3,42.79279167,42.79279167,-86.07145278,-86.07145278,33,Curb,0,The First Harmful Event was Not a Collision with a Motor Vehicle in Transport,0,No,1,Non-Junction,1,Not an Intersection,4,On Roadside,0,None,1,Daylight,1,Clear,0,No,0000000,Not Applicable,99,Unknown,99,Unknown,99,Unknown EMS Scene Arrival Hour,99,Unknown EMS Scene Arrival Minutes,88,Not Applicable (Not Transported),88,Not Applicable (Not Transported),1
26,Michigan,261001,0,0,2,2,0,4,4,125,OAKLAND (125),4567,SOUTHFIELD,12,December,6,6,3,Tuesday,2022,19,7:00pm-7:59pm,41,41,SR-39,NA,3,State Highway,2,Urban,2,Principal Arterial - Other Freeways and Expressways,1,State Highway Agency,1,This section IS ON the NHS,0,No Special Jurisdiction,0,None,42.44933333,42.44933333,-83.220025,-83.220025,12,Motor Vehicle In-Transport,1,Front-to-Rear,0,No,1,Non-Junction,1,Not an Intersection,1,On Roadway,0,None,3,Dark - Lighted,2,Rain,0,No,0000000,Not Applicable,99,Unknown,99,Unknown,99,Unknown EMS Scene Arrival Hour,99,Unknown EMS Scene Arrival Minutes,99,Unknown,99,Unknown EMS Hospital Arrival Time,1
26,Michigan,261002,0,0,2,2,0,6,6,163,WAYNE (163),1260,DETROIT,5,May,30,30,2,Monday,2022,4,4:00am-4:59am,20,20,MACK AVE,CONNER ST,6,Local Street - Municipality,2,Urban,3,Principal Arterial - Other,4,City or Municipal Highway Agency,1,This section IS ON the NHS,0,No Special Jurisdiction,41,41,42.38365278,42.38365278,-82.96787222,-82.96787222,12,Motor Vehicle In-Transport,6,Angle,0,No,2,Intersection,2,Four-Way Intersection,1,On Roadway,0,None,3,Dark - Lighted,1,Clear,0,No,0000000,Not Applicable,99,Unknown,99,Unknown,99,Unknown EMS Scene Arrival Hour,99,Unknown EMS Scene Arrival Minutes,99,Unknown,99,Unknown EMS Hospital Arrival Time,1
26,Michigan,261003,0,0,1,1,0,1,1,25,CALHOUN (25),310,BATTLE CREEK,6,June,10,10,6,Friday,2022,1,1:00am-1:59am,30,30,HAMBLIN AVE,NA,6,Local Street - Municipality,2,Urban,5,Major Collector,4,City or Municipal Highway Agency,0,This section IS NOT on the NHS,0,No Special Jurisdiction,12,12,42.32199444,42.32199444,-85.19090833,-85.19090833,42,Tree (Standing Only),0,The First Harmful Event was Not a Collision with a Motor Vehicle in Transport,0,No,1,Non-Junction,1,Not an Intersection,4,On Roadside,0,None,3,Dark - Lighted,1,Clear,0,No,0000000,Not Applicable,99,Unknown,99,Unknown,99,Unknown EMS Scene Arrival Hour,99,Unknown EMS Scene Arrival Minutes,99,Unknown,99,Unknown EMS Hospital Arrival Time,1
26,Michigan,261004,1,1,1,1,0,1,1,163,WAYNE (163),1260,DETROIT,6,June,12,12,1,Sunday,2022,23,11:00pm-11:59pm,40,40,VEACH ST,NA,6,Local Street - Municipality,2,Urban,7,Local,4,City or Municipal Highway Agency,0,This section IS NOT on the NHS,0,No Special Jurisdiction,4,4,42.43390278,42.43390278,-83.02106389,-83.02106389,8,Pedestrian,0,The First Harmful Event was Not a Collision with a Motor Vehicle in Transport,0,No,1,Non-Junction,1,Not an Intersection,1,On Roadway,0,None,3,Dark - Lighted,1,Clear,0,No,0000000,Not Applicable,99,Unknown,99,Unknown,99,Unknown EMS Scene Arrival Hour,99,Unknown EMS Scene Arrival Minutes,88,Not Applicable (Not Transported),88,Not Applicable (Not Transported),1
26,Michigan,261005,1,1,1,1,0,1,1,161,WASHTENAW (161),0,NOT APPLICABLE,10,October,14,14,6,Friday,2022,9,9:00am-9:59am,0,0,US-23,NA,2,US Highway,2,Urban,2,Principal Arterial - Other Freeways and Expressways,1,State Highway Agency,1,This section IS ON the NHS,0,No Special Jurisdiction,15,15,42.32367222,42.32367222,-83.71308611,-83.71308611,8,Pedestrian,0,The First Harmful Event was Not a Collision with a Motor Vehicle in Transport,0,No,1,Non-Junction,1,Not an Intersection,1,On Roadway,0,None,1,Daylight,10,Cloudy,0,No,0000000,Not Applicable,99,Unknown,98,Unknown if Notified,99,Unknown EMS Scene Arrival Hour,98,Unknown if Arrived,88,Not Applicable (Not Transported),88,Not Applicable (Not Transported),1
26,Michigan,261006,1,1,3,2,1,4,4,99,MACOMB (99),2181,HARRISON TOWNSHIP,11,November,12,12,7,Saturday,2022,17,5:00pm-5:59pm,20,20,I-94,NA,1,Interstate,2,Urban,1,Interstate,1,State Highway Agency,1,This section IS ON the NHS,0,No Special Jurisdiction,91,91,42.55568889,42.55568889,-82.86064444,-82.86064444,12,Motor Vehicle In-Transport,1,Front-to-Rear,0,No,1,Non-Junction,1,Not an Intersection,1,On Roadway,0,None,5,Dusk,2,Rain,0,No,0000000,Not Applicable,99,Unknown,99,Unknown,99,Unknown EMS Scene Arrival Hour,99,Unknown EMS Scene Arrival Minutes,99,Unknown,99,Unknown EMS Hospital Arrival Time,1
26,Michigan,261007,1,1,1,1,0,1,1,163,WAYNE (163),1260,DETROIT,6,June,17,17,6,Friday,2022,22,10:00pm-10:59pm,42,42,SR-97 HOOVER ST,NA,3,State Highway,2,Urban,3,Principal Arterial - Other,1,State Highway Agency,1,This section IS ON the NHS,0,No Special Jurisdiction,15,15,42.42848056,42.42848056,-83.00435556,-83.00435556,8,Pedestrian,0,The First Harmful Event was Not a Collision with a Motor Vehicle in Transport,0,No,1,Non-Junction,1,Not an Intersection,1,On Roadway,0,None,3,Dark - Lighted,1,Clear,0,No,0000000,Not Applicable,99,Unknown,99,Unknown,99,Unknown EMS Scene Arrival Hour,99,Unknown EMS Scene Arrival Minutes,99,Unknown,99,Unknown EMS Hospital Arrival Time,1
26,Michigan,261008,0,0,2,2,0,4,4,81,KENT (81),0,NOT APPLICABLE,6,June,19,19,1,Sunday,2022,15,3:00pm-3:59pm,9,9,SR-57 14 MILE RD NE,NA,3,State Highway,1,Rural,4,Minor Arterial,1,State Highway Agency,0,This section IS NOT on the NHS,0,No Special Jurisdiction,124,124,43.17637778,43.17637778,-85.40594444,-85.40594444,12,Motor Vehicle In-Transport,2,Front-to-Front,0,No,1,Non-Junction,1,Not an Intersection,1,On Roadway,0,None,1,Daylight,1,Clear,0,No,0000000,Not Applicable,99,Unknown,99,Unknown,99,Unknown EMS Scene Arrival Hour,99,Unknown EMS Scene Arrival Minutes,99,Unknown,99,Unknown EMS Hospital Arrival Time,1
26,Michigan,261009,0,0,2,2,0,3,3,163,WAYNE (163),1260,DETROIT,6,June,22,22,4,Wednesday,2022,18,6:00pm-6:59pm,20,20,CR-OUTER DRIVE EAST,RYAN RD,4,County Road,2,Urban,4,Minor Arterial,2,County Highway Agency,0,This section IS NOT on the NHS,0,No Special Jurisdiction,29,29,42.440575,42.440575,-83.06358889,-83.06358889,12,Motor Vehicle In-Transport,6,Angle,0,No,2,Intersection,2,Four-Way Intersection,1,On Roadway,0,None,1,Daylight,1,Clear,0,No,0000000,Not Applicable,99,Unknown,99,Unknown,99,Unknown EMS Scene Arrival Hour,99,Unknown EMS Scene Arrival Minutes,99,Unknown,99,Unknown EMS Hospital Arrival Time,1
26,Michigan,261010,0,0,3,3,0,4,4,163,WAYNE (163),633,BROWNSTOWN TOWNSHIP,12,December,6,6,3,Tuesday,2022,9,9:00am-9:59am,53,53,US-24 TELEGRAPH RD,NA,2,US Highway,2,Urban,3,Principal Arterial - Other,1,State Highway Agency,1,This section IS ON the NHS,0,No Special Jurisdiction,20,20,42.12102778,42.12102778,-83.27753611,-83.27753611,12,Motor Vehicle In-Transport,6,Angle,0,No,8,Driveway Access Related,1,Not an Intersection,1,On Roadway,0,None,1,Daylight,10,Cloudy,0,No,0000000,Not Applicable,99,Unknown,99,Unknown,99,Unknown EMS Scene Arrival Hour,99,Unknown EMS Scene Arrival Minutes,99,Unknown,99,Unknown EMS Hospital Arrival Time,1
26,Michigan,261011,0,0,2,2,0,2,2,63,HURON (63),0,NOT APPLICABLE,6,June,27,27,2,Monday,2022,6,6:00am-6:59am,49,49,SR-53 VANDYKE RD,NA,3,State Highway,1,Rural,3,Principal Arterial - Other,1,State Highway Agency,1,This section IS ON the NHS,0,No Special Jurisdiction,101,101,43.80130278,43.80130278,-83.03957778,-83.03957778,12,Motor Vehicle In-Transport,6,Angle,0,No,8,Driveway Access Related,1,Not an Intersection,1,On Roadway,0,None,1,Daylight,1,Clear,0,No,0000000,Not Applicable,99,Unknown,99,Unknown,99,Unknown EMS Scene Arrival Hour,99,Unknown EMS Scene Arrival Minutes,99,Unknown,99,Unknown EMS Hospital Arrival Time,1
26,Michigan,261012,0,0,4,4,0,4,4,121,MUSKEGON (121),3460,MUSKEGON HTS,12,December,15,15,5,Thursday,2022,12,12:00pm-12:59pm,21,21,SHERMAN BLVD,GLADE ST,6,Local Street - Municipality,2,Urban,3,Principal Arterial - Other,4,City or Municipal Highway Agency,1,This section IS ON the NHS,0,No Special Jurisdiction,31,31,43.20526667,43.20526667,-86.25878333,-86.25878333,12,Motor Vehicle In-Transport,1,Front-to-Rear,0,No,3,Intersection-Related,3,T-Intersection,1,On Roadway,0,None,1,Daylight,10,Cloudy,0,No,0000000,Not Applicable,12,12:00pm-12:59pm,21,21,12,12:00pm-12:59pm,25,25,88,Not Applicable (Not Transported),88,Not Applicable (Not Transported),1
26,Michigan,261013,0,0,2,2,0,2,2,99,MACOMB (99),4154,RAY TOWNSHIP,10,October,11,11,3,Tuesday,2022,13,1:00pm-1:59pm,32,32,CR-ROMEO PLANK RD,NA,4,County Road,2,Urban,4,Minor Arterial,2,County Highway Agency,0,This section IS NOT on the NHS,0,No Special Jurisdiction,11,11,42.71710278,42.71710278,-82.95949722,-82.95949722,33,Curb,0,The First Harmful Event was Not a Collision with a Motor Vehicle in Transport,0,No,1,Non-Junction,1,Not an Intersection,4,On Roadside,0,None,1,Daylight,1,Clear,0,No,0000000,Not Applicable,99,Unknown,99,Unknown,99,Unknown EMS Scene Arrival Hour,99,Unknown EMS Scene Arrival Minutes,99,Unknown,99,Unknown EMS Hospital Arrival Time,1
26,Michigan,261014,0,0,1,1,0,1,1,49,GENESEE (49),0,NOT APPLICABLE,7,July,4,4,2,Monday,2022,16,4:00pm-4:59pm,25,25,CR-US-23,NA,4,County Road,2,Urban,2,Principal Arterial - Other Freeways and Expressways,2,County Highway Agency,1,This section IS ON the NHS,0,No Special Jurisdiction,1,1,42.86460278,42.86460278,-83.74011667,-83.74011667,31,"Post, Pole or Other Supports",0,The First Harmful Event was Not a Collision with a Motor Vehicle in Transport,1,Yes,5,Entrance/Exit Ramp Related,1,Not an Intersection,4,On Roadside,0,None,1,Daylight,1,Clear,0,No,0000000,Not Applicable,99,Unknown,99,Unknown,99,Unknown EMS Scene Arrival Hour,99,Unknown EMS Scene Arrival Minutes,99,Unknown,99,Unknown EMS Hospital Arrival Time,1
26,Michigan,261015,3,3,1,1,0,1,1,151,SANILAC (151),0,NOT APPLICABLE,10,October,31,31,2,Monday,2022,19,7:00pm-7:59pm,53,53,CR-CASS CITY RD,NA,4,County Road,1,Rural,5,Major Collector,2,County Highway Agency,0,This section IS NOT on the NHS,0,No Special Jurisdiction,10,10,43.60315278,43.60315278,-83.09375278,-83.09375278,49,Ridden Animal or Animal Drawn Conveyance,0,The First Harmful Event was Not a Collision with a Motor Vehicle in Transport,0,No,1,Non-Junction,1,Not an Intersection,1,On Roadway,0,None,2,Dark - Not Lighted,5,"Fog, Smog, Smoke",0,No,0000000,Not Applicable,19,7:00pm-7:59pm,59,59,20,8:00pm-8:59pm,11,11,99,Unknown,99,Unknown EMS Hospital Arrival Time,1
26,Michigan,261016,0,0,2,2,0,4,4,147,ST. CLAIR (147),3020,MARINE CITY,7,July,30,30,7,Saturday,2022,16,4:00pm-4:59pm,11,11,S MAIN ST,UNION ST,6,Local Street - Municipality,2,Urban,7,Local,4,City or Municipal Highway Agency,0,This section IS NOT on the NHS,0,No Special Jurisdiction,1,1,42.71521111,42.71521111,-82.49494444,-82.49494444,12,Motor Vehicle In-Transport,6,Angle,0,No,2,Intersection,2,Four-Way Intersection,1,On Roadway,0,None,1,Daylight,1,Clear,0,No,0000000,Not Applicable,99,Unknown,99,Unknown,99,Unknown EMS Scene Arrival Hour,99,Unknown EMS Scene Arrival Minutes,99,Unknown,99,Unknown EMS Hospital Arrival Time,1
26,Michigan,261017,1,1,2,2,0,5,5,5,ALLEGAN (5),0,NOT APPLICABLE,12,December,20,20,3,Tuesday,2022,17,5:00pm-5:59pm,43,43,SR-89,6TH ST,3,State Highway,1,Rural,4,Minor Arterial,1,State Highway Agency,0,This section IS NOT on the NHS,0,No Special Jurisdiction,28,28,42.44304722,42.44304722,-85.60292222,-85.60292222,8,Pedestrian,0,The First Harmful Event was Not a Collision with a Motor Vehicle in Transport,0,No,3,Intersection-Related,3,T-Intersection,1,On Roadway,0,None,3,Dark - Lighted,10,Cloudy,0,No,0000000,Not Applicable,17,5:00pm-5:59pm,40,40,17,5:00pm-5:59pm,51,51,88,Not Applicable (Not Transported),88,Not Applicable (Not Transported),1
26,Michigan,261018,1,1,1,1,0,1,1,99,MACOMB (99),1009,CLINTON TOWNSHIP,7,July,22,22,6,Friday,2022,0,0:00am-0:59am,26,26,CR-ROMEO PLANK RD,NA,4,County Road,2,Urban,5,Major Collector,2,County Highway Agency,0,This section IS NOT on the NHS,0,No Special Jurisdiction,15,15,42.60999722,42.60999722,-82.93261389,-82.93261389,8,Pedestrian,0,The First Harmful Event was Not a Collision with a Motor Vehicle in Transport,0,No,1,Non-Junction,1,Not an Intersection,1,On Roadway,0,None,2,Dark - Not Lighted,10,Cloudy,0,No,0000000,Not Applicable,99,Unknown,99,Unknown,99,Unknown EMS Scene Arrival Hour,99,Unknown EMS Scene Arrival Minutes,88,Not Applicable (Not Transported),88,Not Applicable (Not Transported),1
26,Michigan,261019,0,0,1,1,0,1,1,155,SHIAWASSEE (155),0,NOT APPLICABLE,8,August,2,2,3,Tuesday,2022,18,6:00pm-6:59pm,34,34,CR-BEARD RD,NA,4,County Road,1,Rural,5,Major Collector,2,County Highway Agency,0,This section IS NOT on the NHS,0,No Special Jurisdiction,99,99,42.80593056,42.80593056,-84.13365278,-84.13365278,42,Tree (Standing Only),0,The First Harmful Event was Not a Collision with a Motor Vehicle in Transport,0,No,1,Non-Junction,1,Not an Intersection,4,On Roadside,0,None,1,Daylight,1,Clear,0,No,0000000,Not Applicable,99,Unknown,99,Unknown,99,Unknown EMS Scene Arrival Hour,99,Unknown EMS Scene Arrival Minutes,99,Unknown,99,Unknown EMS Hospital Arrival Time,1
26,Michigan,261020,0,0,2,2,0,4,4,163,WAYNE (163),1260,DETROIT,8,August,5,5,6,Friday,2022,22,10:00pm-10:59pm,9,9,KERCHEVAL ST,ALGONQUIN ST,6,Local Street - Municipality,2,Urban,5,Major Collector,4,City or Municipal Highway Agency,0,This section IS NOT on the NHS,0,No Special Jurisdiction,1,1,42.37446667,42.37446667,-82.95928611,-82.95928611,12,Motor Vehicle In-Transport,6,Angle,0,No,2,Intersection,2,Four-Way Intersection,1,On Roadway,0,None,3,Dark - Lighted,1,Clear,0,No,0000000,Not Applicable,99,Unknown,99,Unknown,99,Unknown EMS Scene Arrival Hour,99,Unknown EMS Scene Arrival Minutes,99,Unknown,99,Unknown EMS Hospital Arrival Time,1
26,Michigan,261021,1,1,1,1,0,1,1,49,GENESEE (49),1740,FLUSHING,12,December,8,8,5,Thursday,2022,17,5:00pm-5:59pm,56,56,PIERSON RD,NA,6,Local Street - Municipality,2,Urban,4,Minor Arterial,4,City or Municipal Highway Agency,0,This section IS NOT on the NHS,0,No Special Jurisdiction,3,3,43.06012222,43.06012222,-83.81648611,-83.81648611,9,Pedalcyclist,0,The First Harmful Event was Not a Collision with a Motor Vehicle in Transport,0,No,1,Non-Junction,1,Not an Intersection,1,On Roadway,0,None,2,Dark - Not Lighted,1,Clear,0,No,0000000,Not Applicable,99,Unknown,98,Unknown if Notified,99,Unknown EMS Scene Arrival Hour,98,Unknown if Arrived,88,Not Applicable (Not Transported),88,Not Applicable (Not Transported),1
26,Michigan,261022,0,0,3,3,0,5,5,81,KENT (81),0,NOT APPLICABLE,12,December,30,30,6,Friday,2022,14,2:00pm-2:59pm,32,32,SR-57 14 MILE RD,LAPPLEY RD,3,State Highway,1,Rural,4,Minor Arterial,1,State Highway Agency,0,This section IS NOT on the NHS,0,No Special Jurisdiction,121,121,43.17633611,43.17633611,-85.41183333,-85.41183333,12,Motor Vehicle In-Transport,7,Sideswipe - Same Direction,0,No,3,Intersection-Related,3,T-Intersection,1,On Roadway,0,None,1,Daylight,1,Clear,0,No,0000000,Not Applicable,99,Unknown,99,Unknown,99,Unknown EMS Scene Arrival Hour,99,Unknown EMS Scene Arrival Minutes,99,Unknown,99,Unknown EMS Hospital Arrival Time,2
26,Michigan,261023,1,1,1,1,0,1,1,163,WAYNE (163),1260,DETROIT,8,August,12,12,6,Friday,2022,9,9:00am-9:59am,27,27,MACK AVE,ELMWOOD ST,6,Local Street - Municipality,2,Urban,3,Principal Arterial - Other,4,City or Municipal Highway Agency,1,This section IS ON the NHS,0,No Special Jurisdiction,9,9,42.35895278,42.35895278,-83.0281,-83.0281,8,Pedestrian,0,The First Harmful Event was Not a Collision with a Motor Vehicle in Transport,0,No,3,Intersection-Related,3,T-Intersection,1,On Roadway,4,"Work Zone, Type Unknown",8,Not Reported,1,Clear,0,No,0000000,Not Applicable,99,Unknown,99,Unknown,99,Unknown EMS Scene Arrival Hour,99,Unknown EMS Scene Arrival Minutes,88,Not Applicable (Not Transported),88,Not Applicable (Not Transported),1
26,Michigan,261024,0,0,2,2,0,2,2,145,SAGINAW (145),0,NOT APPLICABLE,12,December,21,21,4,Wednesday,2022,7,7:00am-7:59am,18,18,CR-HEMLOCK RD,NA,4,County Road,1,Rural,5,Major Collector,2,County Highway Agency,0,This section IS NOT on the NHS,0,No Special Jurisdiction,24,24,43.42792778,43.42792778,-84.22986111,-84.22986111,12,Motor Vehicle In-Transport,2,Front-to-Front,0,No,1,Non-Junction,1,Not an Intersection,1,On Roadway,0,None,4,Dawn,1,Clear,0,No,0000000,Not Applicable,99,Unknown,99,Unknown,99,Unknown EMS Scene Arrival Hour,99,Unknown EMS Scene Arrival Minutes,99,Unknown,99,Unknown EMS Hospital Arrival Time,1
26,Michigan,261025,0,0,1,1,0,1,1,75,JACKSON (75),3466,NAPOLEON,8,August,20,20,7,Saturday,2022,20,8:00pm-8:59pm,30,30,CR-CADY RD,NA,4,County Road,1,Rural,7,Local,2,County Highway Agency,0,This section IS NOT on the NHS,0,No Special Jurisdiction,24,24,42.17505833,42.17505833,-84.21710278,-84.21710278,11,Live Animal,0,The First Harmful Event was Not a Collision with a Motor Vehicle in Transport,0,No,1,Non-Junction,1,Not an Intersection,1,On Roadway,0,None,3,Dark - Lighted,1,Clear,0,No,0000000,Not Applicable,99,Unknown,99,Unknown,99,Unknown EMS Scene Arrival Hour,99,Unknown EMS Scene Arrival Minutes,99,Unknown,99,Unknown EMS Hospital Arrival Time,1
26,Michigan,261026,0,0,2,2,0,2,2,163,WAYNE (163),0,NOT APPLICABLE,8,August,22,22,2,Monday,2022,9,9:00am-9:59am,5,5,CR-PENNSYLVANIA RD,WAHRMAN RD,4,County Road,2,Urban,4,Minor Arterial,2,County Highway Agency,0,This section IS NOT on the NHS,0,No Special Jurisdiction,17,17,42.18005833,42.18005833,-83.38392778,-83.38392778,12,Motor Vehicle In-Transport,6,Angle,0,No,2,Intersection,3,T-Intersection,1,On Roadway,0,None,1,Daylight,1,Clear,0,No,0000000,Not Applicable,99,Unknown,99,Unknown,99,Unknown EMS Scene Arrival Hour,99,Unknown EMS Scene Arrival Minutes,99,Unknown,99,Unknown EMS Hospital Arrival Time,1
26,Michigan,261027,1,1,1,1,0,2,2,73,ISABELLA (73),0,NOT APPLICABLE,8,August,25,25,5,Thursday,2022,3,3:00am-3:59am,30,30,CR-WEIDMAN RD,NA,4,County Road,1,Rural,5,Major Collector,2,County Highway Agency,0,This section IS NOT on the NHS,0,No Special Jurisdiction,74,74,43.68374167,43.68374167,-84.85977778,-84.85977778,8,Pedestrian,0,The First Harmful Event was Not a Collision with a Motor Vehicle in Transport,0,No,1,Non-Junction,1,Not an Intersection,1,On Roadway,0,None,2,Dark - Not Lighted,5,"Fog, Smog, Smoke",0,No,0000000,Not Applicable,99,Unknown,99,Unknown,99,Unknown EMS Scene Arrival Hour,99,Unknown EMS Scene Arrival Minutes,88,Not Applicable (Not Transported),88,Not Applicable (Not Transported),1
26,Michigan,261028,0,0,1,1,0,2,2,25,CALHOUN (25),0,NOT APPLICABLE,7,July,17,17,1,Sunday,2022,17,5:00pm-5:59pm,45,45,CR-D AVE,NA,4,County Road,1,Rural,7,Local,4,City or Municipal Highway Agency,0,This section IS NOT on the NHS,0,No Special Jurisdiction,22,22,42.13849722,42.13849722,-85.086075,-85.086075,42,Tree (Standing Only),0,The First Harmful Event was Not a Collision with a Motor Vehicle in Transport,0,No,1,Non-Junction,1,Not an Intersection,4,On Roadside,0,None,1,Daylight,10,Cloudy,0,No,0000000,Not Applicable,17,5:00pm-5:59pm,47,47,17,5:00pm-5:59pm,59,59,88,Not Applicable (Not Transported),88,Not Applicable (Not Transported),1
26,Michigan,261029,1,1,1,1,0,1,1,49,GENESEE (49),195,ATLAS,8,August,24,24,4,Wednesday,2022,16,4:00pm-4:59pm,36,36,SR-15 S STATE RD,PARK DR,3,State Highway,2,Urban,3,Principal Arterial - Other,1,State Highway Agency,1,This section IS ON the NHS,0,No Special Jurisdiction,32,32,42.91495556,42.91495556,-83.50168611,-83.50168611,8,Pedestrian,0,The First Harmful Event was Not a Collision with a Motor Vehicle in Transport,0,No,2,Intersection,3,T-Intersection,1,On Roadway,0,None,1,Daylight,1,Clear,0,No,0000000,Not Applicable,99,Unknown,99,Unknown,99,Unknown EMS Scene Arrival Hour,99,Unknown EMS Scene Arrival Minutes,99,Unknown,99,Unknown EMS Hospital Arrival Time,1
26,Michigan,261030,0,0,1,1,0,2,2,25,CALHOUN (25),0,NOT APPLICABLE,12,December,22,22,5,Thursday,2022,23,11:00pm-11:59pm,23,23,CR-B DR,NA,4,County Road,1,Rural,5,Major Collector,2,County Highway Agency,0,This section IS NOT on the NHS,0,No Special Jurisdiction,75,75,42.23236667,42.23236667,-85.08302222,-85.08302222,43,Other Fixed Object,0,The First Harmful Event was Not a Collision with a Motor Vehicle in Transport,0,No,1,Non-Junction,1,Not an Intersection,5,Outside Trafficway,0,None,2,Dark - Not Lighted,4,Snow,0,No,0000000,Not Applicable,23,11:00pm-11:59pm,24,24,23,11:00pm-11:59pm,43,43,99,Unknown,99,Unknown EMS Hospital Arrival Time,1
26,Michigan,261031,0,0,1,1,0,1,1,17,BAY (17),320,BAY CITY,9,September,6,6,3,Tuesday,2022,18,6:00pm-6:59pm,48,48,SR-13 SALZBURG AVE,NA,3,State Highway,2,Urban,3,Principal Arterial - Other,1,State Highway Agency,1,This section IS ON the NHS,0,No Special Jurisdiction,7,7,43.58018333,43.58018333,-83.90763889,-83.90763889,1,Rollover/Overturn,0,The First Harmful Event was Not a Collision with a Motor Vehicle in Transport,0,No,1,Non-Junction,1,Not an Intersection,1,On Roadway,0,None,1,Daylight,1,Clear,0,No,0000000,Not Applicable,99,Unknown,99,Unknown,99,Unknown EMS Scene Arrival Hour,99,Unknown EMS Scene Arrival Minutes,88,Not Applicable (Not Transported),88,Not Applicable (Not Transported),1
26,Michigan,261032,0,0,1,1,0,1,1,147,ST. CLAIR (147),0,NOT APPLICABLE,9,September,15,15,5,Thursday,2022,11,11:00am-11:59am,5,5,CR-BURCH,NA,4,County Road,1,Rural,5,Major Collector,2,County Highway Agency,0,This section IS NOT on the NHS,0,No Special Jurisdiction,22,22,43.11664167,43.11664167,-82.55717222,-82.55717222,1,Rollover/Overturn,0,The First Harmful Event was Not a Collision with a Motor Vehicle in Transport,0,No,1,Non-Junction,1,Not an Intersection,4,On Roadside,0,None,1,Daylight,1,Clear,0,No,0000000,Not Applicable,99,Unknown,99,Unknown,99,Unknown EMS Scene Arrival Hour,99,Unknown EMS Scene Arrival Minutes,99,Unknown,99,Unknown EMS Hospital Arrival Time,1
26,Michigan,261033,0,0,3,3,0,3,3,49,GENESEE (49),686,BURTON,9,September,21,21,4,Wednesday,2022,10,10:00am-10:59am,54,54,BRISTOL RD,HOWE RD,6,Local Street - Municipality,2,Urban,4,Minor Arterial,4,City or Municipal Highway Agency,0,This section IS NOT on the NHS,0,No Special Jurisdiction,55,55,42.97517778,42.97517778,-83.62336944,-83.62336944,12,Motor Vehicle In-Transport,1,Front-to-Rear,0,No,3,Intersection-Related,3,T-Intersection,1,On Roadway,0,None,1,Daylight,2,Rain,0,No,0000000,Not Applicable,99,Unknown,99,Unknown,99,Unknown EMS Scene Arrival Hour,99,Unknown EMS Scene Arrival Minutes,88,Not Applicable (Not Transported),88,Not Applicable (Not Transported),1
26,Michigan,261034,0,0,2,2,0,3,3,27,CASS (27),0,NOT APPLICABLE,12,December,31,31,7,Saturday,2022,20,8:00pm-8:59pm,34,34,CR-DAILEY RD,NA,4,County Road,1,Rural,5,Major Collector,2,County Highway Agency,0,This section IS NOT on the NHS,0,No Special Jurisdiction,79,79,41.90824167,41.90824167,-86.08755556,-86.08755556,12,Motor Vehicle In-Transport,7,Sideswipe - Same Direction,0,No,1,Non-Junction,1,Not an Intersection,1,On Roadway,0,None,2,Dark - Not Lighted,1,Clear,0,No,0000000,Not Applicable,99,Unknown,99,Unknown,99,Unknown EMS Scene Arrival Hour,99,Unknown EMS Scene Arrival Minutes,88,Not Applicable (Not Transported),88,Not Applicable (Not Transported),1
26,Michigan,261035,0,0,2,2,0,2,2,163,WAYNE (163),1260,DETROIT,9,September,22,22,5,Thursday,2022,4,4:00am-4:59am,35,35,SERVICE DR I-94,SR-53 VAN DYKE,6,Local Street - Municipality,2,Urban,5,Major Collector,4,City or Municipal Highway Agency,0,This section IS NOT on the NHS,0,No Special Jurisdiction,6,6,42.38583611,42.38583611,-83.019775,-83.019775,12,Motor Vehicle In-Transport,6,Angle,0,No,2,Intersection,2,Four-Way Intersection,1,On Roadway,0,None,3,Dark - Lighted,1,Clear,0,No,0000000,Not Applicable,99,Unknown,99,Unknown,99,Unknown EMS Scene Arrival Hour,99,Unknown EMS Scene Arrival Minutes,99,Unknown,99,Unknown EMS Hospital Arrival Time,1
26,Michigan,261036,1,1,1,1,0,1,1,125,OAKLAND (125),4567,SOUTHFIELD,9,September,15,15,5,Thursday,2022,22,10:00pm-10:59pm,40,40,US-24 TELEGRAPH RD,NA,2,US Highway,2,Urban,3,Principal Arterial - Other,1,State Highway Agency,1,This section IS ON the NHS,0,No Special Jurisdiction,25,25,42.47826389,42.47826389,-83.28522222,-83.28522222,8,Pedestrian,0,The First Harmful Event was Not a Collision with a Motor Vehicle in Transport,0,No,1,Non-Junction,1,Not an Intersection,1,On Roadway,0,None,2,Dark - Not Lighted,1,Clear,0,No,0000000,Not Applicable,99,Unknown,99,Unknown,99,Unknown EMS Scene Arrival Hour,99,Unknown EMS Scene Arrival Minutes,99,Unknown,99,Unknown EMS Hospital Arrival Time,1
26,Michigan,261037,0,0,2,2,0,3,3,25,CALHOUN (25),310,BATTLE CREEK,8,August,24,24,4,Wednesday,2022,12,12:00pm-12:59pm,38,38,SR-96 W COLUMBIA AVE,W ARBOR ST,3,State Highway,2,Urban,3,Principal Arterial - Other,1,State Highway Agency,1,This section IS ON the NHS,0,No Special Jurisdiction,35,35,42.29825556,42.29825556,-85.21402222,-85.21402222,12,Motor Vehicle In-Transport,6,Angle,0,No,2,Intersection,2,Four-Way Intersection,1,On Roadway,0,None,1,Daylight,1,Clear,0,No,0000000,Not Applicable,99,Unknown,99,Unknown,99,Unknown EMS Scene Arrival Hour,99,Unknown EMS Scene Arrival Minutes,88,Not Applicable (Not Transported),88,Not Applicable (Not Transported),1
26,Michigan,261039,0,0,1,1,0,2,2,143,ROSCOMMON (143),0,NOT APPLICABLE,10,October,21,21,6,Friday,2022,23,11:00pm-11:59pm,6,6,CR-WASHINGTON ST,NA,4,County Road,1,Rural,7,Local,2,County Highway Agency,0,This section IS NOT on the NHS,0,No Special Jurisdiction,1,1,44.37628889,44.37628889,-84.40787778,-84.40787778,42,Tree (Standing Only),0,The First Harmful Event was Not a Collision with a Motor Vehicle in Transport,0,No,1,Non-Junction,1,Not an Intersection,4,On Roadside,0,None,3,Dark - Lighted,1,Clear,0,No,0000000,Not Applicable,99,Unknown,99,Unknown,99,Unknown EMS Scene Arrival Hour,99,Unknown EMS Scene Arrival Minutes,99,Unknown,99,Unknown EMS Hospital Arrival Time,1
26,Michigan,261040,0,0,1,1,0,1,1,133,OSCEOLA (133),0,NOT APPLICABLE,11,November,2,2,4,Wednesday,2022,15,3:00pm-3:59pm,0,0,CR-HIBMA RD,NA,4,County Road,1,Rural,7,Local,2,County Highway Agency,0,This section IS NOT on the NHS,0,No Special Jurisdiction,13,13,44.15398611,44.15398611,-85.48863333,-85.48863333,5,Fell/Jumped from Vehicle,0,The First Harmful Event was Not a Collision with a Motor Vehicle in Transport,0,No,1,Non-Junction,1,Not an Intersection,1,On Roadway,0,None,1,Daylight,1,Clear,0,No,0000000,Not Applicable,99,Unknown,99,Unknown,99,Unknown EMS Scene Arrival Hour,99,Unknown EMS Scene Arrival Minutes,99,Unknown,99,Unknown EMS Hospital Arrival Time,1
26,Michigan,261041,0,0,2,2,0,2,2,49,GENESEE (49),1731,FLINT TOWNSHIP,11,November,17,17,5,Thursday,2022,21,9:00pm-9:59pm,55,55,CR-LINDEN RD,BEECHER RD,4,County Road,2,Urban,3,Principal Arterial - Other,2,County Highway Agency,1,This section IS ON the NHS,0,No Special Jurisdiction,178,178,43.03141111,43.03141111,-83.77348056,-83.77348056,12,Motor Vehicle In-Transport,6,Angle,0,No,2,Intersection,2,Four-Way Intersection,1,On Roadway,0,None,2,Dark - Not Lighted,4,Snow,0,No,0000000,Not Applicable,99,Unknown,99,Unknown,99,Unknown EMS Scene Arrival Hour,99,Unknown EMS Scene Arrival Minutes,99,Unknown,99,Unknown EMS Hospital Arrival Time,1
26,Michigan,261042,0,0,1,1,0,1,1,149,ST JOSEPH (149),0,NOT APPLICABLE,11,November,28,28,2,Monday,2022,17,5:00pm-5:59pm,28,28,WHITE SCHOOL RD,NA,9,Unknown,1,Rural,98,Not Reported,98,Not Reported,0,This section IS NOT on the NHS,0,No Special Jurisdiction,1,1,41.77637222,41.77637222,-85.44763611,-85.44763611,38,Fence,0,The First Harmful Event was Not a Collision with a Motor Vehicle in Transport,0,No,1,Non-Junction,1,Not an Intersection,4,On Roadside,0,None,1,Daylight,1,Clear,0,No,0000000,Not Applicable,99,Unknown,99,Unknown,99,Unknown EMS Scene Arrival Hour,99,Unknown EMS Scene Arrival Minutes,88,Not Applicable (Not Transported),88,Not Applicable (Not Transported),1
26,Michigan,261043,0,0,1,1,0,2,2,123,NEWAYGO (123),0,NOT APPLICABLE,12,December,6,6,3,Tuesday,2022,11,11:00am-11:59am,7,7,SR-37 S EVERGREEN DR,NA,3,State Highway,1,Rural,4,Minor Arterial,1,State Highway Agency,0,This section IS NOT on the NHS,0,No Special Jurisdiction,41,41,43.47820556,43.47820556,-85.77357222,-85.77357222,42,Tree (Standing Only),0,The First Harmful Event was Not a Collision with a Motor Vehicle in Transport,0,No,1,Non-Junction,1,Not an Intersection,4,On Roadside,0,None,1,Daylight,10,Cloudy,0,No,0000000,Not Applicable,99,Unknown,99,Unknown,99,Unknown EMS Scene Arrival Hour,99,Unknown EMS Scene Arrival Minutes,99,Unknown,99,Unknown EMS Hospital Arrival Time,1
26,Michigan,261044,0,0,2,2,0,5,5,99,MACOMB (99),919,CHESTERFIELD TOWNSHIP,12,December,9,9,6,Friday,2022,14,2:00pm-2:59pm,19,19,CR-26 MILE RD,NEW HAVEN RD,4,County Road,2,Urban,4,Minor Arterial,2,County Highway Agency,0,This section IS NOT on the NHS,0,No Special Jurisdiction,154,154,42.71949167,42.71949167,-82.7888,-82.7888,12,Motor Vehicle In-Transport,2,Front-to-Front,0,No,2,Intersection,2,Four-Way Intersection,1,On Roadway,0,None,1,Daylight,10,Cloudy,0,No,0000000,Not Applicable,99,Unknown,99,Unknown,99,Unknown EMS Scene Arrival Hour,99,Unknown EMS Scene Arrival Minutes,99,Unknown,99,Unknown EMS Hospital Arrival Time,1
26,Michigan,261045,0,0,1,1,0,1,1,163,WAYNE (163),1260,DETROIT,12,December,25,25,1,Sunday,2022,23,11:00pm-11:59pm,52,52,I-94,NA,1,Interstate,2,Urban,1,Interstate,1,State Highway Agency,1,This section IS ON the NHS,0,No Special Jurisdiction,304,304,42.38328889,42.38328889,-83.03006111,-83.03006111,25,Concrete Traffic Barrier,0,The First Harmful Event was Not a Collision with a Motor Vehicle in Transport,0,No,1,Non-Junction,1,Not an Intersection,3,On Median,0,None,3,Dark - Lighted,4,Snow,0,No,0000000,Not Applicable,99,Unknown,99,Unknown,99,Unknown EMS Scene Arrival Hour,99,Unknown EMS Scene Arrival Minutes,99,Unknown,99,Unknown EMS Hospital Arrival Time,1
26,Michigan,261046,0,0,1,1,0,2,2,163,WAYNE (163),1260,DETROIT,9,September,4,4,1,Sunday,2022,0,0:00am-0:59am,11,11,I-75 RAMP 047A,NA,1,Interstate,2,Urban,1,Interstate,1,State Highway Agency,1,This section IS ON the NHS,0,No Special Jurisdiction,1,1,42.40686111,42.40686111,-83.07600833,-83.07600833,30,Utility Pole/Light Support,0,The First Harmful Event was Not a Collision with a Motor Vehicle in Transport,1,Yes,5,Entrance/Exit Ramp Related,1,Not an Intersection,4,On Roadside,0,None,3,Dark - Lighted,1,Clear,0,No,0000000,Not Applicable,99,Unknown,99,Unknown,99,Unknown EMS Scene Arrival Hour,99,Unknown EMS Scene Arrival Minutes,99,Unknown,99,Unknown EMS Hospital Arrival Time,1
26,Michigan,261047,0,0,2,2,0,3,3,163,WAYNE (163),1260,DETROIT,12,December,24,24,7,Saturday,2022,20,8:00pm-8:59pm,21,21,SR-102 E 8 MILE RD,GROESBECK HWY,3,State Highway,2,Urban,3,Principal Arterial - Other,1,State Highway Agency,1,This section IS ON the NHS,0,No Special Jurisdiction,41,41,42.448875,42.448875,-83.00260833,-83.00260833,12,Motor Vehicle In-Transport,6,Angle,0,No,2,Intersection,2,Four-Way Intersection,1,On Roadway,0,None,3,Dark - Lighted,4,Snow,0,No,0000000,Not Applicable,99,Unknown,99,Unknown,99,Unknown EMS Scene Arrival Hour,99,Unknown EMS Scene Arrival Minutes,99,Unknown,99,Unknown EMS Hospital Arrival Time,1
26,Michigan,261048,1,1,1,1,0,1,1,163,WAYNE (163),2430,INKSTER,12,December,27,27,3,Tuesday,2022,7,7:00am-7:59am,13,13,CR-MIDDLEBELT AVE,NA,4,County Road,2,Urban,3,Principal Arterial - Other,2,County Highway Agency,1,This section IS ON the NHS,0,No Special Jurisdiction,119,119,42.28882778,42.28882778,-83.329263889999993,-83.329263889999993,8,Pedestrian,0,The First Harmful Event was Not a Collision with a Motor Vehicle in Transport,0,No,1,Non-Junction,1,Not an Intersection,1,On Roadway,0,None,2,Dark - Not Lighted,1,Clear,0,No,0000000,Not Applicable,99,Unknown,99,Unknown,99,Unknown EMS Scene Arrival Hour,99,Unknown EMS Scene Arrival Minutes,99,Unknown,99,Unknown EMS Hospital Arrival Time,1
26,Michigan,261049,1,1,1,1,0,1,1,115,MONROE (115),0,NOT APPLICABLE,11,November,21,21,2,Monday,2022,15,3:00pm-3:59pm,35,35,US-24 TELEGRAPH RD,NA,2,US Highway,2,Urban,3,Principal Arterial - Other,1,State Highway Agency,1,This section IS ON the NHS,0,No Special Jurisdiction,216,216,42.00416389,42.00416389,-83.35621667,-83.35621667,9,Pedalcyclist,0,The First Harmful Event was Not a Collision with a Motor Vehicle in Transport,0,No,1,Non-Junction,1,Not an Intersection,1,On Roadway,0,None,2,Dark - Not Lighted,1,Clear,0,No,0000000,Not Applicable,17,5:00pm-5:59pm,41,41,17,5:00pm-5:59pm,49,49,99,Unknown,99,Unknown EMS Hospital Arrival Time,1
26,Michigan,261050,0,0,1,1,0,1,1,49,GENESEE (49),0,NOT APPLICABLE,12,December,18,18,1,Sunday,2022,19,7:00pm-7:59pm,18,18,CR-FENTON RD,NA,4,County Road,2,Urban,4,Minor Arterial,2,County Highway Agency,0,This section IS NOT on the NHS,0,No Special Jurisdiction,71,71,42.896716670000004,42.896716670000004,-83.69528056,-83.69528056,30,Utility Pole/Light Support,0,The First Harmful Event was Not a Collision with a Motor Vehicle in Transport,0,No,1,Non-Junction,1,Not an Intersection,4,On Roadside,0,None,2,Dark - Not Lighted,8,Other,0,No,0000000,Not Applicable,19,7:00pm-7:59pm,18,18,19,7:00pm-7:59pm,28,28,99,Unknown,99,Unknown EMS Hospital Arrival Time,1
26,Michigan,261051,1,1,1,1,0,1,1,163,WAYNE (163),5310,WYANDOTTE,11,November,22,22,3,Tuesday,2022,19,7:00pm-7:59pm,44,44,POPLAR ST,1ST ST,6,Local Street - Municipality,2,Urban,7,Local,4,City or Municipal Highway Agency,0,This section IS NOT on the NHS,0,No Special Jurisdiction,13,13,42.20869444,42.20869444,-83.15009167,-83.15009167,8,Pedestrian,0,The First Harmful Event was Not a Collision with a Motor Vehicle in Transport,0,No,3,Intersection-Related,2,Four-Way Intersection,1,On Roadway,0,None,3,Dark - Lighted,1,Clear,0,No,0000000,Not Applicable,99,Unknown,99,Unknown,99,Unknown EMS Scene Arrival Hour,99,Unknown EMS Scene Arrival Minutes,99,Unknown,99,Unknown EMS Hospital Arrival Time,1
26,Michigan,261053,0,0,2,2,0,2,2,103,MARQUETTE (103),3050,MARQUETTE,7,July,25,25,2,Monday,2022,16,4:00pm-4:59pm,12,12,US-41,NA,2,US Highway,2,Urban,3,Principal Arterial - Other,1,State Highway Agency,1,This section IS ON the NHS,0,No Special Jurisdiction,205,205,46.50678056,46.50678056,-87.36680556,-87.36680556,12,Motor Vehicle In-Transport,2,Front-to-Front,0,No,1,Non-Junction,1,Not an Intersection,1,On Roadway,0,None,1,Daylight,1,Clear,0,No,0000000,Not Applicable,99,Unknown,99,Unknown,99,Unknown EMS Scene Arrival Hour,99,Unknown EMS Scene Arrival Minutes,99,Unknown,99,Unknown EMS Hospital Arrival Time,1
26,Michigan,261054,0,0,2,2,0,2,2,81,KENT (81),0,NOT APPLICABLE,9,September,8,8,5,Thursday,2022,6,6:00am-6:59am,31,31,CR-LINCOLN LAKE RD,5 MILE RD,4,County Road,1,Rural,4,Minor Arterial,2,County Highway Agency,0,This section IS NOT on the NHS,0,No Special Jurisdiction,122,122,43.04379167,43.04379167,-85.35208333,-85.35208333,12,Motor Vehicle In-Transport,6,Angle,0,No,2,Intersection,2,Four-Way Intersection,1,On Roadway,0,None,3,Dark - Lighted,5,"Fog, Smog, Smoke",0,No,0000000,Not Applicable,99,Unknown,99,Unknown,99,Unknown EMS Scene Arrival Hour,99,Unknown EMS Scene Arrival Minutes,88,Not Applicable (Not Transported),88,Not Applicable (Not Transported),1
26,Michigan,261055,0,0,1,1,0,3,3,163,WAYNE (163),1260,DETROIT,11,November,5,5,7,Saturday,2022,2,2:00am-2:59am,45,45,DAVISON ST,NA,6,Local Street - Municipality,2,Urban,3,Principal Arterial - Other,4,City or Municipal Highway Agency,1,This section IS ON the NHS,0,No Special Jurisdiction,62,62,42.42112778,42.42112778,-83.04722778,-83.04722778,19,Building,0,The First Harmful Event was Not a Collision with a Motor Vehicle in Transport,0,No,1,Non-Junction,1,Not an Intersection,4,On Roadside,0,None,3,Dark - Lighted,1,Clear,0,No,0000000,Not Applicable,99,Unknown,99,Unknown,99,Unknown EMS Scene Arrival Hour,99,Unknown EMS Scene Arrival Minutes,99,Unknown,99,Unknown EMS Hospital Arrival Time,1
26,Michigan,261056,0,0,2,2,0,3,3,91,LENAWEE (91),0,NOT APPLICABLE,5,May,10,10,3,Tuesday,2022,22,10:00pm-10:59pm,10,10,SR-52,SR-50,3,State Highway,1,Rural,4,Minor Arterial,1,State Highway Agency,0,This section IS NOT on the NHS,0,No Special Jurisdiction,84,84,42.00961111,42.00961111,-84.00538611,-84.00538611,12,Motor Vehicle In-Transport,6,Angle,0,No,2,Intersection,2,Four-Way Intersection,1,On Roadway,0,None,3,Dark - Lighted,1,Clear,0,No,0000000,Not Applicable,99,Unknown,99,Unknown,99,Unknown EMS Scene Arrival Hour,99,Unknown EMS Scene Arrival Minutes,99,Unknown,99,Unknown EMS Hospital Arrival Time,1
26,Michigan,261057,1,1,2,2,0,2,2,163,WAYNE (163),1260,DETROIT,1,January,12,12,4,Wednesday,2022,18,6:00pm-6:59pm,15,15,CR-W 7 MILE RD,NA,4,County Road,2,Urban,3,Principal Arterial - Other,2,County Highway Agency,1,This section IS ON the NHS,0,No Special Jurisdiction,79,79,42.42893889,42.42893889,-83.27901944,-83.27901944,8,Pedestrian,0,The First Harmful Event was Not a Collision with a Motor Vehicle in Transport,0,No,1,Non-Junction,1,Not an Intersection,1,On Roadway,0,None,5,Dusk,2,Rain,0,No,0000000,Not Applicable,99,Unknown,99,Unknown,99,Unknown EMS Scene Arrival Hour,99,Unknown EMS Scene Arrival Minutes,99,Unknown,99,Unknown EMS Hospital Arrival Time,1
26,Michigan,261058,0,0,2,2,0,2,2,163,WAYNE (163),1260,DETROIT,7,July,17,17,1,Sunday,2022,20,8:00pm-8:59pm,44,44,JOY RD,SCHAEFER HWY,6,Local Street - Municipality,2,Urban,4,Minor Arterial,4,City or Municipal Highway Agency,0,This section IS NOT on the NHS,0,No Special Jurisdiction,99,99,42.35859167,42.35859167,-83.17747222,-83.17747222,12,Motor Vehicle In-Transport,6,Angle,0,No,2,Intersection,2,Four-Way Intersection,1,On Roadway,0,None,5,Dusk,1,Clear,0,No,0000000,Not Applicable,99,Unknown,99,Unknown,99,Unknown EMS Scene Arrival Hour,99,Unknown EMS Scene Arrival Minutes,99,Unknown,99,Unknown EMS Hospital Arrival Time,1
26,Michigan,261059,0,0,1,1,0,1,1,17,BAY (17),0,NOT APPLICABLE,4,April,12,12,3,Tuesday,2022,5,5:00am-5:59am,48,48,CR-MICHIGAN RD,NA,4,County Road,2,Urban,7,Local,2,County Highway Agency,0,This section IS NOT on the NHS,0,No Special Jurisdiction,6,6,43.53270556,43.53270556,-83.94471389,-83.94471389,59,Traffic Sign Support,0,The First Harmful Event was Not a Collision with a Motor Vehicle in Transport,0,No,1,Non-Junction,1,Not an Intersection,4,On Roadside,0,None,2,Dark - Not Lighted,1,Clear,0,No,0000000,Not Applicable,99,Unknown,99,Unknown,99,Unknown EMS Scene Arrival Hour,99,Unknown EMS Scene Arrival Minutes,88,Not Applicable (Not Transported),88,Not Applicable (Not Transported),1
26,Michigan,261060,0,0,1,1,0,1,1,163,WAYNE (163),1260,DETROIT,6,June,23,23,5,Thursday,2022,8,8:00am-8:59am,28,28,SR-96 GRAND RIVER AVE,NA,3,State Highway,2,Urban,3,Principal Arterial - Other,1,State Highway Agency,1,This section IS ON the NHS,0,No Special Jurisdiction,66,66,42.37388889,42.37388889,-83.15131111,-83.15131111,19,Building,0,The First Harmful Event was Not a Collision with a Motor Vehicle in Transport,0,No,1,Non-Junction,1,Not an Intersection,5,Outside Trafficway,0,None,1,Daylight,1,Clear,0,No,0000000,Not Applicable,99,Unknown,99,Unknown,99,Unknown EMS Scene Arrival Hour,99,Unknown EMS Scene Arrival Minutes,88,Not Applicable (Not Transported),88,Not Applicable (Not Transported),1
26,Michigan,261061,0,0,2,2,0,2,2,77,KALAMAZOO (77),0,NOT APPLICABLE,10,October,18,18,3,Tuesday,2022,17,5:00pm-5:59pm,39,39,SR-343 GULL RD,ELKERTON RD,3,State Highway,2,Urban,3,Principal Arterial - Other,1,State Highway Agency,1,This section IS ON the NHS,0,No Special Jurisdiction,13,13,42.30820833,42.30820833,-85.55397222,-85.55397222,12,Motor Vehicle In-Transport,6,Angle,0,No,2,Intersection,3,T-Intersection,1,On Roadway,0,None,1,Daylight,2,Rain,0,No,0000000,Not Applicable,99,Unknown,99,Unknown,99,Unknown EMS Scene Arrival Hour,99,Unknown EMS Scene Arrival Minutes,99,Unknown,99,Unknown EMS Hospital Arrival Time,1
26,Michigan,261062,0,0,1,1,0,1,1,157,TUSCOLA (157),0,NOT APPLICABLE,11,November,25,25,6,Friday,2022,23,11:00pm-11:59pm,0,0,CR-IRISH RD,NA,4,County Road,1,Rural,7,Local,2,County Highway Agency,0,This section IS NOT on the NHS,0,No Special Jurisdiction,25,25,43.25942222,43.25942222,-83.55886111,-83.55886111,32,Culvert,0,The First Harmful Event was Not a Collision with a Motor Vehicle in Transport,0,No,1,Non-Junction,1,Not an Intersection,4,On Roadside,0,None,2,Dark - Not Lighted,1,Clear,0,No,0000000,Not Applicable,99,Unknown,99,Unknown,99,Unknown EMS Scene Arrival Hour,99,Unknown EMS Scene Arrival Minutes,99,Unknown,99,Unknown EMS Hospital Arrival Time,1
26,Michigan,261063,0,0,1,1,0,1,1,145,SAGINAW (145),4350,SAGINAW,12,December,20,20,3,Tuesday,2022,15,3:00pm-3:59pm,30,30,S 4TH AVE,NA,6,Local Street - Municipality,2,Urban,7,Local,4,City or Municipal Highway Agency,0,This section IS NOT on the NHS,0,No Special Jurisdiction,5,5,43.42179167,43.42179167,-83.92497778,-83.92497778,30,Utility Pole/Light Support,0,The First Harmful Event was Not a Collision with a Motor Vehicle in Transport,0,No,1,Non-Junction,1,Not an Intersection,4,On Roadside,0,None,1,Daylight,1,Clear,0,No,0000000,Not Applicable,99,Unknown,99,Unknown,99,Unknown EMS Scene Arrival Hour,99,Unknown EMS Scene Arrival Minutes,88,Not Applicable (Not Transported),88,Not Applicable (Not Transported),1
26,Michigan,261064,0,0,2,2,0,3,3,5,ALLEGAN (5),0,NOT APPLICABLE,10,October,24,24,2,Monday,2022,16,4:00pm-4:59pm,30,30,CR-108TH,NA,4,County Road,1,Rural,7,Local,2,County Highway Agency,0,This section IS NOT on the NHS,0,No Special Jurisdiction,8,8,42.76823889,42.76823889,-85.60904444,-85.60904444,12,Motor Vehicle In-Transport,1,Front-to-Rear,0,No,1,Non-Junction,1,Not an Intersection,1,On Roadway,0,None,1,Daylight,10,Cloudy,0,No,0000000,Not Applicable,99,Unknown,99,Unknown,99,Unknown EMS Scene Arrival Hour,99,Unknown EMS Scene Arrival Minutes,99,Unknown,99,Unknown EMS Hospital Arrival Time,1
26,Michigan,261065,0,0,2,2,0,3,3,133,OSCEOLA (133),0,NOT APPLICABLE,11,November,18,18,6,Friday,2022,21,9:00pm-9:59pm,5,5,US-131,NA,2,US Highway,1,Rural,2,Principal Arterial - Other Freeways and Expressways,1,State Highway Agency,1,This section IS ON the NHS,0,No Special Jurisdiction,187,187,44.07906667,44.07906667,-85.48076111,-85.48076111,12,Motor Vehicle In-Transport,2,Front-to-Front,0,No,1,Non-Junction,1,Not an Intersection,1,On Roadway,0,None,2,Dark - Not Lighted,4,Snow,0,No,0000000,Not Applicable,21,9:00pm-9:59pm,7,7,21,9:00pm-9:59pm,15,15,88,Not Applicable (Not Transported),88,Not Applicable (Not Transported),1
26,Michigan,261066,1,1,1,1,0,1,1,49,GENESEE (49),1731,FLINT TOWNSHIP,11,November,4,4,6,Friday,2022,20,8:00pm-8:59pm,15,15,CR-W PASADENA AVE,NA,4,County Road,2,Urban,4,Minor Arterial,2,County Highway Agency,0,This section IS NOT on the NHS,0,No Special Jurisdiction,25,25,43.04619722,43.04619722,-83.73899167,-83.73899167,15,Non-Motorist on Personal Conveyance,0,The First Harmful Event was Not a Collision with a Motor Vehicle in Transport,0,No,1,Non-Junction,1,Not an Intersection,1,On Roadway,0,None,2,Dark - Not Lighted,1,Clear,0,No,0000000,Not Applicable,99,Unknown,99,Unknown,99,Unknown EMS Scene Arrival Hour,99,Unknown EMS Scene Arrival Minutes,88,Not Applicable (Not Transported),88,Not Applicable (Not Transported),1
